 &plot nbnd=  11, nks=   261 /
            0.000000  0.000000  0.000000
 -64.493 -31.237 -31.237 -31.237  -9.391   7.824   7.824   7.824  12.590  23.649
  23.649
            0.000000  0.012191  0.000000
 -64.493 -31.238 -31.238 -31.238  -9.390   7.818   7.823   7.823  12.598  23.630
  23.652
            0.000000  0.024383  0.000000
 -64.493 -31.238 -31.238 -31.238  -9.386   7.799   7.820   7.820  12.619  23.573
  23.660
            0.000000  0.036574  0.000000
 -64.493 -31.238 -31.238 -31.238  -9.381   7.767   7.814   7.814  12.655  23.483
  23.673
            0.000000  0.048766  0.000000
 -64.493 -31.238 -31.238 -31.238  -9.373   7.724   7.805   7.805  12.704  23.365
  23.692
            0.000000  0.060957  0.000000
 -64.493 -31.239 -31.238 -31.238  -9.363   7.670   7.795   7.795  12.765  23.224
  23.715
            0.000000  0.073149  0.000000
 -64.492 -31.240 -31.238 -31.238  -9.351   7.606   7.782   7.782  12.838  23.066
  23.744
            0.000000  0.085340  0.000000
 -64.492 -31.240 -31.239 -31.239  -9.337   7.533   7.767   7.767  12.922  22.894
  23.777
            0.000000  0.097532  0.000000
 -64.492 -31.241 -31.239 -31.239  -9.321   7.452   7.750   7.750  13.015  22.714
  23.816
            0.000000  0.109723  0.000000
 -64.492 -31.242 -31.239 -31.239  -9.303   7.364   7.731   7.731  13.117  22.527
  23.858
            0.000000  0.121915  0.000000
 -64.492 -31.243 -31.240 -31.240  -9.283   7.270   7.710   7.710  13.227  22.335
  23.906
            0.000000  0.134106  0.000000
 -64.492 -31.244 -31.240 -31.240  -9.261   7.171   7.687   7.687  13.344  22.141
  23.957
            0.000000  0.146298  0.000000
 -64.492 -31.246 -31.240 -31.240  -9.237   7.067   7.662   7.662  13.467  21.946
  24.013
            0.000000  0.158489  0.000000
 -64.491 -31.247 -31.241 -31.241  -9.211   6.960   7.636   7.636  13.595  21.751
  24.072
            0.000000  0.170681  0.000000
 -64.491 -31.249 -31.241 -31.241  -9.184   6.850   7.608   7.608  13.728  21.557
  24.134
            0.000000  0.182872  0.000000
 -64.491 -31.250 -31.242 -31.242  -9.155   6.739   7.579   7.579  13.864  21.365
  24.200
            0.000000  0.195064  0.000000
 -64.491 -31.252 -31.243 -31.243  -9.124   6.625   7.548   7.548  14.004  21.174
  24.269
            0.000000  0.207255  0.000000
 -64.491 -31.253 -31.243 -31.243  -9.092   6.511   7.517   7.517  14.146  20.986
  24.341
            0.000000  0.219447  0.000000
 -64.490 -31.255 -31.244 -31.244  -9.059   6.397   7.484   7.484  14.291  20.801
  24.415
            0.000000  0.231638  0.000000
 -64.490 -31.257 -31.244 -31.244  -9.024   6.282   7.450   7.450  14.438  20.619
  24.492
            0.000000  0.243830  0.000000
 -64.490 -31.259 -31.245 -31.245  -8.988   6.167   7.416   7.416  14.586  20.441
  24.570
            0.000000  0.256021  0.000000
 -64.489 -31.260 -31.246 -31.246  -8.951   6.054   7.381   7.381  14.735  20.266
  24.651
            0.000000  0.268213  0.000000
 -64.489 -31.262 -31.246 -31.246  -8.912   5.941   7.346   7.346  14.885  20.095
  24.732
            0.000000  0.280404  0.000000
 -64.489 -31.264 -31.247 -31.247  -8.873   5.829   7.310   7.310  15.035  19.928
  24.676
            0.000000  0.292596  0.000000
 -64.489 -31.266 -31.248 -31.248  -8.834   5.720   7.273   7.273  15.185  19.765
  24.446
            0.000000  0.304787  0.000000
 -64.488 -31.268 -31.249 -31.249  -8.793   5.612   7.237   7.237  15.335  19.606
  24.221
            0.000000  0.316979  0.000000
 -64.488 -31.270 -31.249 -31.249  -8.752   5.506   7.200   7.200  15.484  19.451
  23.999
            0.000000  0.329170  0.000000
 -64.488 -31.272 -31.250 -31.250  -8.711   5.402   7.164   7.164  15.632  19.301
  23.782
            0.000000  0.341362  0.000000
 -64.487 -31.274 -31.251 -31.251  -8.669   5.301   7.128   7.128  15.778  19.155
  23.570
            0.000000  0.353553  0.000000
 -64.487 -31.276 -31.252 -31.252  -8.627   5.202   7.092   7.092  15.923  19.014
  23.364
            0.000000  0.365745  0.000000
 -64.487 -31.278 -31.253 -31.253  -8.586   5.106   7.056   7.056  16.065  18.877
  23.163
            0.000000  0.377936  0.000000
 -64.486 -31.280 -31.253 -31.253  -8.544   5.013   7.021   7.021  16.205  18.744
  22.969
            0.000000  0.390128  0.000000
 -64.486 -31.282 -31.254 -31.254  -8.502   4.922   6.986   6.986  16.342  18.617
  22.781
            0.000000  0.402319  0.000000
 -64.486 -31.284 -31.255 -31.255  -8.461   4.835   6.952   6.952  16.475  18.494
  22.601
            0.000000  0.414511  0.000000
 -64.485 -31.286 -31.256 -31.256  -8.420   4.751   6.919   6.919  16.604  18.375
  22.428
            0.000000  0.426702  0.000000
 -64.485 -31.288 -31.256 -31.256  -8.380   4.671   6.886   6.886  16.729  18.261
  22.263
            0.000000  0.438894  0.000000
 -64.485 -31.289 -31.257 -31.257  -8.340   4.593   6.855   6.855  16.849  18.152
  22.107
            0.000000  0.451085  0.000000
 -64.485 -31.291 -31.258 -31.258  -8.302   4.519   6.824   6.824  16.964  18.048
  21.960
            0.000000  0.463277  0.000000
 -64.484 -31.293 -31.259 -31.259  -8.264   4.449   6.794   6.794  17.072  17.948
  21.822
            0.000000  0.475468  0.000000
 -64.484 -31.294 -31.259 -31.259  -8.227   4.382   6.766   6.766  17.174  17.854
  21.694
            0.000000  0.487660  0.000000
 -64.484 -31.296 -31.260 -31.260  -8.191   4.318   6.738   6.738  17.269  17.764
  21.577
            0.000000  0.499851  0.000000
 -64.484 -31.297 -31.260 -31.260  -8.157   4.258   6.712   6.712  17.357  17.679
  21.470
            0.000000  0.512043  0.000000
 -64.483 -31.299 -31.261 -31.261  -8.124   4.201   6.687   6.687  17.436  17.598
  21.374
            0.000000  0.524234  0.000000
 -64.483 -31.300 -31.262 -31.262  -8.093   4.148   6.663   6.663  17.508  17.523
  21.290
            0.000000  0.536426  0.000000
 -64.483 -31.301 -31.262 -31.262  -8.063   4.099   6.640   6.640  17.571  17.452
  21.216
            0.000000  0.548617  0.000000
 -64.483 -31.303 -31.263 -31.263  -8.035   4.053   6.619   6.619  17.625  17.386
  21.152
            0.000000  0.560809  0.000000
 -64.482 -31.304 -31.263 -31.263  -8.008   4.011   6.600   6.600  17.672  17.325
  21.099
            0.000000  0.573000  0.000000
 -64.482 -31.305 -31.264 -31.264  -7.984   3.972   6.581   6.581  17.711  17.269
  21.056
            0.000000  0.585192  0.000000
 -64.482 -31.306 -31.264 -31.264  -7.961   3.936   6.565   6.565  17.743  17.218
  21.021
            0.000000  0.597383  0.000000
 -64.482 -31.307 -31.264 -31.264  -7.940   3.904   6.549   6.549  17.768  17.171
  20.995
            0.000000  0.609575  0.000000
 -64.482 -31.307 -31.265 -31.265  -7.921   3.876   6.536   6.536  17.787  17.130
  20.975
            0.000000  0.621766  0.000000
 -64.482 -31.308 -31.265 -31.265  -7.905   3.851   6.524   6.524  17.802  17.093
  20.961
            0.000000  0.633958  0.000000
 -64.482 -31.309 -31.265 -31.265  -7.890   3.829   6.513   6.513  17.812  17.061
  20.951
            0.000000  0.646149  0.000000
 -64.481 -31.309 -31.266 -31.266  -7.878   3.811   6.504   6.504  17.820  17.034
  20.945
            0.000000  0.658341  0.000000
 -64.481 -31.310 -31.266 -31.266  -7.868   3.796   6.497   6.497  17.824  17.012
  20.941
            0.000000  0.670532  0.000000
 -64.481 -31.310 -31.266 -31.266  -7.860   3.784   6.491   6.491  17.827  16.995
  20.940
            0.000000  0.682724  0.000000
 -64.481 -31.310 -31.266 -31.266  -7.854   3.776   6.487   6.487  17.829  16.983
  20.939
            0.000000  0.694915  0.000000
 -64.481 -31.310 -31.266 -31.266  -7.850   3.771   6.485   6.485  17.830  16.976
  20.939
            0.000000  0.707107  0.000000
 -64.481 -31.310 -31.266 -31.266  -7.849   3.769   6.484   6.484  17.830  16.973
  20.939
            0.008839  0.707107  0.008839
 -64.481 -31.310 -31.266 -31.266  -7.849   3.771   6.479   6.484  17.835  16.978
  20.937
            0.017678  0.707107  0.017678
 -64.481 -31.310 -31.266 -31.266  -7.849   3.775   6.464   6.486  17.850  16.993
  20.932
            0.026517  0.707107  0.026517
 -64.481 -31.310 -31.267 -31.266  -7.848   3.783   6.439   6.488  17.017  17.875
  20.924
            0.035355  0.707107  0.035355
 -64.481 -31.310 -31.267 -31.266  -7.846   3.793   6.404   6.492  17.049  17.910
  20.912
            0.044194  0.707107  0.044194
 -64.481 -31.309 -31.268 -31.266  -7.845   3.807   6.361   6.497  17.089  17.955
  20.898
            0.053033  0.707107  0.053033
 -64.481 -31.309 -31.268 -31.265  -7.843   3.823   6.309   6.503  17.135  18.012
  20.880
            0.061872  0.707107  0.061872
 -64.481 -31.309 -31.269 -31.265  -7.840   3.843   6.250   6.510  17.186  18.079
  20.859
            0.070711  0.707107  0.070711
 -64.481 -31.308 -31.270 -31.265  -7.838   3.865   6.184   6.517  17.241  18.158
  20.835
            0.079550  0.707107  0.079550
 -64.481 -31.308 -31.271 -31.265  -7.836   3.891   6.111   6.526  17.298  18.248
  20.808
            0.088388  0.707107  0.088388
 -64.481 -31.307 -31.272 -31.264  -7.833   3.919   6.033   6.536  17.357  18.348
  20.779
            0.097227  0.707107  0.097227
 -64.481 -31.306 -31.273 -31.264  -7.830   3.950   5.950   6.547  17.417  18.458
  20.747
            0.106066  0.707107  0.106066
 -64.481 -31.306 -31.274 -31.263  -7.828   3.984   5.863   6.559  17.478  18.576
  20.713
            0.114905  0.707107  0.114905
 -64.481 -31.305 -31.275 -31.263  -7.825   4.021   5.774   6.572  17.539  18.700
  20.676
            0.123744  0.707107  0.123744
 -64.481 -31.304 -31.277 -31.263  -7.823   4.061   5.682   6.585  17.599  18.830
  20.637
            0.132583  0.707107  0.132583
 -64.481 -31.303 -31.278 -31.262  -7.821   4.103   5.588   6.600  17.660  18.963
  20.596
            0.141421  0.707107  0.141421
 -64.481 -31.302 -31.279 -31.261  -7.820   4.148   5.495   6.616  17.719  19.098
  20.554
            0.150260  0.707107  0.150260
 -64.481 -31.301 -31.281 -31.261  -7.819   4.196   5.401   6.632  17.778  19.234
  20.510
            0.159099  0.707107  0.159099
 -64.481 -31.300 -31.282 -31.260  -7.819   4.246   5.307   6.649  17.835  19.368
  20.464
            0.167938  0.707107  0.167938
 -64.481 -31.299 -31.283 -31.260  -7.820   4.299   5.215   6.667  17.890  19.499
  20.418
            0.176777  0.707107  0.176777
 -64.481 -31.298 -31.285 -31.259  -7.821   4.354   5.125   6.686  17.943  19.626
  20.370
            0.530330  0.530330  0.000000
 -64.481 -31.285 -31.298 -31.259  -7.821   5.125   4.354   6.686  17.943  19.626
  20.370
            0.521776  0.521776  0.000000
 -64.482 -31.286 -31.296 -31.259  -7.823   5.041   4.410   6.705  17.990  19.746
  20.324
            0.513223  0.513223  0.000000
 -64.482 -31.288 -31.295 -31.258  -7.827   4.959   4.468   6.725  18.033  19.860
  20.277
            0.504669  0.504669  0.000000
 -64.482 -31.289 -31.294 -31.257  -7.831   4.880   4.528   6.745  18.071  19.970
  20.230
            0.496115  0.496115  0.000000
 -64.482 -31.290 -31.293 -31.257  -7.836   4.805   4.590   6.766  18.104  20.075
  20.183
            0.487562  0.487562  0.000000
 -64.482 -31.291 -31.292 -31.256  -7.843   4.734   4.654   6.787  18.129  20.177
  20.136
            0.479008  0.479008  0.000000
 -64.482 -31.292 -31.290 -31.255  -7.851   4.667   4.720   6.810  18.146  20.275
  20.090
            0.470454  0.470454  0.000000
 -64.482 -31.294 -31.289 -31.255  -7.861   4.605   4.788   6.832  18.155  20.371
  20.045
            0.461900  0.461900 -0.000000
 -64.482 -31.294 -31.288 -31.254  -7.872   4.548   4.857   6.855  18.154  20.467
  20.000
            0.453347  0.453347 -0.000000
 -64.482 -31.295 -31.286 -31.253  -7.885   4.496   4.928   6.879  18.144  20.562
  19.957
            0.444793  0.444793 -0.000000
 -64.482 -31.296 -31.285 -31.253  -7.899   4.450   5.001   6.903  18.123  20.659
  19.916
            0.436239  0.436239 -0.000000
 -64.482 -31.297 -31.283 -31.252  -7.915   4.409   5.075   6.927  18.091  20.758
  19.876
            0.427686  0.427686 -0.000000
 -64.483 -31.298 -31.282 -31.251  -7.932   4.375   5.150   6.952  18.049  20.860
  19.838
            0.419132  0.419132 -0.000000
 -64.483 -31.298 -31.281 -31.251  -7.952   4.346   5.227   6.977  17.998  20.965
  19.802
            0.410578  0.410578 -0.000000
 -64.483 -31.298 -31.279 -31.250  -7.973   4.323   5.304   7.002  17.936  21.074
  19.769
            0.402024  0.402024 -0.000000
 -64.483 -31.299 -31.278 -31.249  -7.995   4.307   5.383   7.027  17.866  21.186
  19.739
            0.393471  0.393471  0.000000
 -64.483 -31.299 -31.276 -31.249  -8.020   4.297   5.462   7.053  17.787  21.302
  19.712
            0.384917  0.384917  0.000000
 -64.483 -31.299 -31.275 -31.248  -8.046   4.294   5.542   7.079  17.701  21.421
  19.688
            0.376363  0.376363  0.000000
 -64.484 -31.299 -31.274 -31.248  -8.073   4.296   5.623   7.104  17.608  21.543
  19.668
            0.367810  0.367810  0.000000
 -64.484 -31.299 -31.272 -31.247  -8.103   4.306   5.704   7.130  17.508  21.669
  19.652
            0.359256  0.359256  0.000000
 -64.484 -31.298 -31.271 -31.246  -8.134   4.321   5.785   7.156  17.403  21.796
  19.639
            0.350702  0.350702  0.000000
 -64.484 -31.298 -31.269 -31.246  -8.166   4.343   5.866   7.182  17.293  21.926
  19.631
            0.342148  0.342148  0.000000
 -64.484 -31.297 -31.268 -31.245  -8.200   4.372   5.947   7.208  17.178  22.058
  19.628
            0.333595  0.333595  0.000000
 -64.485 -31.296 -31.267 -31.245  -8.235   4.406   6.029   7.234  17.060  22.190
  19.629
            0.325041  0.325041  0.000000
 -64.485 -31.295 -31.265 -31.244  -8.271   4.447   6.109   7.259  16.938  22.324
  19.636
            0.316487  0.316487  0.000000
 -64.485 -31.294 -31.264 -31.244  -8.308   4.494   6.189   7.285  16.813  22.457
  19.647
            0.307934  0.307934  0.000000
 -64.485 -31.293 -31.263 -31.243  -8.347   4.547   6.269   7.310  16.685  22.590
  19.665
            0.299380  0.299380  0.000000
 -64.486 -31.292 -31.261 -31.243  -8.386   4.606   6.348   7.335  16.555  22.722
  19.688
            0.290826  0.290826  0.000000
 -64.486 -31.291 -31.260 -31.243  -8.426   4.670   6.425   7.359  16.423  22.852
  19.717
            0.282272  0.282272  0.000000
 -64.486 -31.289 -31.259 -31.242  -8.466   4.740   6.502   7.384  16.289  22.980
  19.752
            0.273719  0.273719  0.000000
 -64.486 -31.287 -31.258 -31.242  -8.507   4.815   6.577   7.408  16.154  23.104
  19.793
            0.265165  0.265165  0.000000
 -64.487 -31.286 -31.257 -31.241  -8.549   4.895   6.651   7.431  16.018  23.225
  19.842
            0.256611  0.256611  0.000000
 -64.487 -31.284 -31.255 -31.241  -8.591   4.980   6.724   7.454  15.880  23.341
  19.896
            0.248058  0.248058  0.000000
 -64.487 -31.282 -31.254 -31.241  -8.632   5.069   6.794   7.477  15.742  23.451
  19.958
            0.239504  0.239504  0.000000
 -64.488 -31.280 -31.253 -31.241  -8.674   5.163   6.863   7.499  15.603  23.555
  20.026
            0.230950  0.230950  0.000000
 -64.488 -31.278 -31.252 -31.240  -8.716   5.261   6.930   7.520  15.463  23.652
  20.102
            0.222396  0.222396  0.000000
 -64.488 -31.276 -31.251 -31.240  -8.757   5.363   6.995   7.541  15.323  23.740
  20.184
            0.213843  0.213843  0.000000
 -64.488 -31.274 -31.250 -31.240  -8.798   5.469   7.058   7.561  15.183  23.819
  20.274
            0.205289  0.205289  0.000000
 -64.489 -31.272 -31.249 -31.239  -8.838   5.578   7.118   7.581  15.042  23.888
  20.371
            0.196735  0.196735 -0.000000
 -64.489 -31.270 -31.248 -31.239  -8.878   5.690   7.176   7.600  14.902  23.946
  20.475
            0.188182  0.188182 -0.000000
 -64.489 -31.268 -31.247 -31.239  -8.917   5.804   7.232   7.618  14.762  23.994
  20.586
            0.179628  0.179628 -0.000000
 -64.490 -31.266 -31.246 -31.239  -8.955   5.921   7.286   7.636  14.623  24.030
  20.705
            0.171074  0.171074 -0.000000
 -64.490 -31.263 -31.246 -31.239  -8.992   6.040   7.337   7.653  14.484  24.055
  20.830
            0.162521  0.162521 -0.000000
 -64.490 -31.261 -31.245 -31.239  -9.027   6.160   7.385   7.669  14.346  24.070
  20.963
            0.153967  0.153967 -0.000000
 -64.490 -31.259 -31.244 -31.238  -9.062   6.281   7.431   7.685  14.210  24.074
  21.102
            0.145413  0.145413 -0.000000
 -64.491 -31.257 -31.243 -31.238  -9.095   6.403   7.474   7.700  14.075  24.069
  21.247
            0.136859  0.136859 -0.000000
 -64.491 -31.255 -31.243 -31.238  -9.127   6.524   7.515   7.714  13.942  24.056
  21.399
            0.128306  0.128306  0.000000
 -64.491 -31.253 -31.242 -31.238  -9.158   6.645   7.553   7.727  13.811  24.035
  21.556
            0.119752  0.119752  0.000000
 -64.491 -31.251 -31.241 -31.238  -9.186   6.765   7.589   7.739  13.682  24.009
  21.719
            0.111198  0.111198  0.000000
 -64.491 -31.250 -31.241 -31.238  -9.214   6.883   7.622   7.751  13.557  23.978
  21.886
            0.102645  0.102645  0.000000
 -64.492 -31.248 -31.240 -31.238  -9.239   6.999   7.652   7.762  13.436  23.944
  22.057
            0.094091  0.094091  0.000000
 -64.492 -31.246 -31.240 -31.238  -9.263   7.111   7.680   7.772  13.319  23.909
  22.230
            0.085537  0.085537  0.000000
 -64.492 -31.245 -31.240 -31.238  -9.284   7.218   7.705   7.781  13.208  23.872
  22.406
            0.076983  0.076983  0.000000
 -64.492 -31.244 -31.239 -31.238  -9.304   7.321   7.728   7.789  13.103  23.836
  22.581
            0.068430  0.068430  0.000000
 -64.492 -31.242 -31.239 -31.238  -9.322   7.417   7.748   7.796  13.004  23.801
  22.755
            0.059876  0.059876  0.000000
 -64.492 -31.241 -31.238 -31.238  -9.338   7.505   7.766   7.803  12.914  23.768
  22.925
            0.051322  0.051322  0.000000
 -64.492 -31.240 -31.238 -31.238  -9.352   7.585   7.782   7.809  12.833  23.737
  23.087
            0.042769  0.042769  0.000000
 -64.493 -31.239 -31.238 -31.238  -9.364   7.655   7.795   7.813  12.761  23.710
  23.238
            0.034215  0.034215  0.000000
 -64.493 -31.239 -31.238 -31.238  -9.374   7.714   7.805   7.817  12.701  23.688
  23.374
            0.025661  0.025661  0.000000
 -64.493 -31.238 -31.238 -31.238  -9.381   7.762   7.814   7.820  12.654  23.671
  23.488
            0.017107  0.017107  0.000000
 -64.493 -31.238 -31.238 -31.238  -9.387   7.796   7.820   7.823  12.619  23.659
  23.575
            0.008554  0.008554  0.000000
 -64.493 -31.238 -31.238 -31.237  -9.390   7.817   7.823   7.824  12.598  23.652
  23.630
            0.000000  0.000000  0.000000
 -64.493 -31.237 -31.237 -31.237  -9.391   7.824   7.824   7.824  12.590  23.649
  23.649
            0.007071  0.007071  0.007071
 -64.493 -31.238 -31.238 -31.238  -9.390   7.817   7.824   7.824  12.598  23.630
  23.652
            0.014142  0.014142  0.014142
 -64.493 -31.238 -31.238 -31.238  -9.386   7.795   7.822   7.822  12.619  23.574
  23.660
            0.021213  0.021213  0.021213
 -64.493 -31.238 -31.238 -31.238  -9.381   7.758   7.818   7.818  12.655  23.485
  23.672
            0.028284  0.028284  0.028284
 -64.493 -31.239 -31.238 -31.238  -9.373   7.708   7.813   7.813  12.704  23.369
  23.690
            0.035355  0.035355  0.035355
 -64.493 -31.240 -31.238 -31.238  -9.363   7.645   7.807   7.807  12.765  23.231
  23.712
            0.042426  0.042426  0.042426
 -64.492 -31.241 -31.238 -31.238  -9.351   7.570   7.799   7.799  12.838  23.078
  23.739
            0.049497  0.049497  0.049497
 -64.492 -31.242 -31.238 -31.238  -9.337   7.484   7.791   7.791  12.920  22.915
  23.771
            0.056569  0.056569  0.056569
 -64.492 -31.243 -31.238 -31.238  -9.321   7.390   7.781   7.781  13.011  22.745
  23.807
            0.063640  0.063640  0.063640
 -64.492 -31.244 -31.238 -31.238  -9.302   7.287   7.769   7.769  13.110  22.571
  23.846
            0.070711  0.070711  0.070711
 -64.492 -31.246 -31.238 -31.238  -9.282   7.176   7.757   7.757  13.216  22.396
  23.889
            0.077782  0.077782  0.077782
 -64.492 -31.247 -31.238 -31.238  -9.259   7.059   7.744   7.744  13.326  22.222
  23.935
            0.084853  0.084853  0.084853
 -64.492 -31.249 -31.239 -31.239  -9.235   6.937   7.729   7.729  13.441  22.050
  23.983
            0.091924  0.091924  0.091924
 -64.491 -31.251 -31.239 -31.239  -9.209   6.811   7.714   7.714  13.560  21.883
  24.033
            0.098995  0.098995  0.098995
 -64.491 -31.253 -31.239 -31.239  -9.181   6.681   7.698   7.698  13.680  21.719
  24.084
            0.106066  0.106066  0.106066
 -64.491 -31.255 -31.239 -31.239  -9.152   6.548   7.681   7.681  13.803  21.562
  24.136
            0.113137  0.113137  0.113137
 -64.491 -31.258 -31.239 -31.239  -9.121   6.412   7.663   7.663  13.925  21.411
  24.188
            0.120208  0.120208  0.120208
 -64.491 -31.260 -31.240 -31.240  -9.088   6.275   7.645   7.645  14.048  21.267
  24.239
            0.127279  0.127279  0.127279
 -64.490 -31.262 -31.240 -31.240  -9.054   6.137   7.626   7.626  14.170  21.131
  24.288
            0.134350  0.134350  0.134350
 -64.490 -31.265 -31.240 -31.240  -9.019   5.998   7.606   7.606  14.291  21.002
  24.334
            0.141421  0.141421  0.141421
 -64.490 -31.267 -31.240 -31.240  -8.982   5.859   7.587   7.587  14.409  20.882
  24.376
            0.148492  0.148492  0.148492
 -64.490 -31.270 -31.241 -31.241  -8.945   5.720   7.566   7.566  14.524  20.771
  24.414
            0.155563  0.155563  0.155563
 -64.489 -31.273 -31.241 -31.241  -8.906   5.581   7.546   7.546  14.636  20.668
  24.447
            0.162635  0.162635  0.162635
 -64.489 -31.275 -31.241 -31.241  -8.867   5.444   7.526   7.526  14.744  20.575
  24.474
            0.169706  0.169706  0.169706
 -64.489 -31.278 -31.242 -31.242  -8.826   5.308   7.505   7.505  14.847  20.492
  24.496
            0.176777  0.176777  0.176777
 -64.488 -31.281 -31.242 -31.242  -8.786   5.173   7.485   7.485  14.945  20.418
  24.511
            0.183848  0.183848  0.183848
 -64.488 -31.283 -31.242 -31.242  -8.744   5.041   7.465   7.465  15.037  20.354
  24.521
            0.190919  0.190919  0.190919
 -64.488 -31.286 -31.242 -31.242  -8.703   4.911   7.444   7.444  15.124  20.299
  24.524
            0.197990  0.197990  0.197990
 -64.488 -31.289 -31.243 -31.243  -8.661   4.784   7.425   7.425  15.204  20.255
  24.522
            0.205061  0.205061  0.205061
 -64.487 -31.291 -31.243 -31.243  -8.620   4.659   7.405   7.405  15.278  20.219
  24.516
            0.212132  0.212132  0.212132
 -64.487 -31.294 -31.243 -31.243  -8.579   4.538   7.386   7.386  15.345  20.192
  24.505
            0.219203  0.219203  0.219203
 -64.487 -31.296 -31.243 -31.243  -8.538   4.421   7.367   7.367  15.406  20.174
  24.490
            0.226274  0.226274  0.226274
 -64.487 -31.299 -31.244 -31.244  -8.498   4.307   7.349   7.349  15.461  20.164
  24.473
            0.233345  0.233345  0.233345
 -64.486 -31.301 -31.244 -31.244  -8.458   4.198   7.332   7.332  15.509  20.161
  24.453
            0.240416  0.240416  0.240416
 -64.486 -31.304 -31.244 -31.244  -8.419   4.093   7.315   7.315  15.551  20.165
  24.432
            0.247487  0.247487  0.247487
 -64.486 -31.306 -31.244 -31.244  -8.382   3.993   7.299   7.299  15.588  20.175
  24.410
            0.254558  0.254558  0.254558
 -64.486 -31.308 -31.245 -31.245  -8.346   3.898   7.283   7.283  15.620  20.189
  24.387
            0.261630  0.261630  0.261630
 -64.485 -31.310 -31.245 -31.245  -8.311   3.808   7.269   7.269  15.647  20.208
  24.364
            0.268701  0.268701  0.268701
 -64.485 -31.312 -31.245 -31.245  -8.278   3.724   7.255   7.255  15.669  20.230
  24.341
            0.275772  0.275772  0.275772
 -64.485 -31.314 -31.245 -31.245  -8.247   3.645   7.242   7.242  15.688  20.253
  24.319
            0.282843  0.282843  0.282843
 -64.485 -31.315 -31.245 -31.245  -8.218   3.573   7.231   7.231  15.703  20.279
  24.298
            0.289914  0.289914  0.289914
 -64.485 -31.317 -31.245 -31.245  -8.191   3.506   7.220   7.220  15.716  20.304
  24.278
            0.296985  0.296985  0.296985
 -64.485 -31.318 -31.246 -31.246  -8.167   3.446   7.210   7.210  15.726  20.330
  24.260
            0.304056  0.304056  0.304056
 -64.485 -31.319 -31.246 -31.246  -8.145   3.393   7.202   7.202  15.734  20.354
  24.244
            0.311127  0.311127  0.311127
 -64.484 -31.320 -31.246 -31.246  -8.125   3.346   7.194   7.194  15.740  20.376
  24.229
            0.318198  0.318198  0.318198
 -64.484 -31.321 -31.246 -31.246  -8.109   3.306   7.188   7.188  15.745  20.396
  24.216
            0.325269  0.325269  0.325269
 -64.484 -31.322 -31.246 -31.246  -8.095   3.274   7.182   7.182  15.748  20.413
  24.206
            0.332340  0.332340  0.332340
 -64.484 -31.323 -31.246 -31.246  -8.084   3.248   7.178   7.178  15.751  20.427
  24.198
            0.339411  0.339411  0.339411
 -64.484 -31.323 -31.246 -31.246  -8.076   3.230   7.175   7.175  15.752  20.437
  24.192
            0.346482  0.346482  0.346482
 -64.484 -31.323 -31.246 -31.246  -8.072   3.219   7.174   7.174  15.753  20.443
  24.188
            0.353553  0.353553  0.353553
 -64.484 -31.323 -31.246 -31.246  -8.070   3.215   7.173   7.173  15.754  20.445
  24.187
            0.353553  0.362177  0.344930
 -64.484 -31.323 -31.246 -31.246  -8.070   3.217   7.169   7.172  15.759  20.444
  24.171
            0.353553  0.370800  0.336307
 -64.484 -31.323 -31.246 -31.246  -8.069   3.221   7.156   7.170  15.776  20.441
  24.123
            0.353553  0.379423  0.327684
 -64.484 -31.323 -31.247 -31.246  -8.067   3.229   7.134   7.167  15.803  20.435
  24.046
            0.353553  0.388046  0.319060
 -64.484 -31.323 -31.247 -31.246  -8.064   3.240   7.104   7.162  15.842  20.428
  23.945
            0.353553  0.396670  0.310437
 -64.484 -31.322 -31.248 -31.246  -8.061   3.254   7.067   7.155  15.890  20.419
  23.822
            0.353553  0.405293  0.301814
 -64.484 -31.322 -31.248 -31.247  -8.056   3.272   7.022   7.147  15.949  20.407
  23.683
            0.353553  0.413916  0.293191
 -64.484 -31.322 -31.249 -31.247  -8.051   3.292   6.970   7.138  16.017  20.394
  23.531
            0.353553  0.422539  0.284567
 -64.484 -31.321 -31.250 -31.247  -8.046   3.315   6.912   7.127  16.093  20.378
  23.370
            0.353553  0.431163  0.275944
 -64.484 -31.321 -31.251 -31.247  -8.039   3.342   6.847   7.114  16.178  20.361
  23.203
            0.353553  0.439786  0.267321
 -64.484 -31.320 -31.252 -31.248  -8.032   3.371   6.778   7.100  16.270  20.341
  23.032
            0.353553  0.448409  0.258698
 -64.484 -31.319 -31.253 -31.248  -8.025   3.403   6.705   7.084  16.369  20.320
  22.859
            0.353553  0.457032  0.250074
 -64.484 -31.318 -31.254 -31.249  -8.017   3.438   6.627   7.066  16.474  20.297
  22.686
            0.353553  0.465656  0.241451
 -64.483 -31.317 -31.256 -31.249  -8.008   3.476   6.547   7.047  16.584  20.272
  22.514
            0.353553  0.474279  0.232828
 -64.483 -31.317 -31.257 -31.249  -7.999   3.516   6.464   7.026  16.699  20.246
  22.345
            0.353553  0.482902  0.224205
 -64.483 -31.316 -31.259 -31.250  -7.990   3.559   6.379   7.003  16.818  20.217
  22.178
            0.353553  0.491525  0.215581
 -64.483 -31.315 -31.260 -31.250  -7.980   3.604   6.292   6.978  16.941  20.188
  22.016
            0.353553  0.500149  0.206958
 -64.483 -31.314 -31.262 -31.251  -7.970   3.652   6.205   6.951  17.067  20.157
  21.858
            0.353553  0.508772  0.198335
 -64.483 -31.313 -31.263 -31.252  -7.959   3.702   6.118   6.922  17.195  20.125
  21.705
            0.353553  0.517395  0.189712
 -64.483 -31.311 -31.265 -31.252  -7.948   3.754   6.031   6.891  17.325  20.091
  21.558
            0.353553  0.526018  0.181088
 -64.483 -31.310 -31.266 -31.253  -7.938   3.809   5.944   6.859  17.457  20.057
  21.417
            0.353553  0.534642  0.172465
 -64.483 -31.309 -31.268 -31.254  -7.927   3.865   5.859   6.824  17.589  20.021
  21.282
            0.353553  0.543265  0.163842
 -64.483 -31.308 -31.270 -31.254  -7.916   3.923   5.776   6.787  17.722  19.985
  21.154
            0.353553  0.551888  0.155219
 -64.482 -31.307 -31.271 -31.255  -7.905   3.982   5.694   6.749  17.855  19.948
  21.032
            0.353553  0.560511  0.146595
 -64.482 -31.305 -31.273 -31.256  -7.894   4.043   5.615   6.709  17.987  19.911
  20.918
            0.353553  0.569135  0.137972
 -64.482 -31.304 -31.274 -31.257  -7.883   4.105   5.539   6.667  18.118  19.874
  20.811
            0.353553  0.577758  0.129349
 -64.482 -31.303 -31.276 -31.257  -7.873   4.168   5.465   6.623  18.247  19.837
  20.710
            0.353553  0.586381  0.120726
 -64.482 -31.301 -31.277 -31.258  -7.863   4.231   5.395   6.578  18.375  19.801
  20.618
            0.353553  0.595004  0.112102
 -64.482 -31.300 -31.279 -31.259  -7.853   4.295   5.329   6.532  18.500  19.765
  20.532
            0.353553  0.603628  0.103479
 -64.482 -31.299 -31.280 -31.260  -7.844   4.359   5.267   6.485  18.621  19.729
  20.453
            0.353553  0.612251  0.094856
 -64.482 -31.297 -31.281 -31.261  -7.835   4.423   5.208   6.437  18.739  19.696
  20.382
            0.353553  0.620874  0.086233
 -64.482 -31.296 -31.282 -31.262  -7.827   4.486   5.154   6.389  18.852  19.663
  20.317
            0.353553  0.629498  0.077609
 -64.482 -31.295 -31.283 -31.263  -7.819   4.547   5.105   6.341  18.959  19.633
  20.260
            0.353553  0.638121  0.068986
 -64.482 -31.294 -31.284 -31.264  -7.813   4.606   5.060   6.293  19.059  19.605
  20.208
            0.353553  0.646744  0.060363
 -64.481 -31.293 -31.285 -31.265  -7.806   4.663   5.021   6.248  19.152  19.579
  20.164
            0.353553  0.655367  0.051740
 -64.481 -31.292 -31.286 -31.265  -7.801   4.716   4.986   6.204  19.236  19.556
  20.125
            0.353553  0.663991  0.043116
 -64.481 -31.291 -31.287 -31.266  -7.796   4.764   4.956   6.164  19.310  19.536
  20.093
            0.353553  0.672614  0.034493
 -64.481 -31.290 -31.287 -31.267  -7.792   4.806   4.932   6.129  19.373  19.520
  20.067
            0.353553  0.681237  0.025870
 -64.481 -31.289 -31.288 -31.267  -7.789   4.841   4.913   6.099  19.423  19.507
  20.047
            0.353553  0.689860  0.017247
 -64.481 -31.289 -31.288 -31.268  -7.787   4.867   4.899   6.077  19.460  19.498
  20.032
            0.353553  0.698484  0.008623
 -64.481 -31.288 -31.288 -31.268  -7.785   4.883   4.891   6.063  19.482  19.492
  20.024
            0.353553  0.707107  0.000000
 -64.481 -31.288 -31.288 -31.268  -7.785   4.889   4.889   6.058  19.490  19.490
  20.021
            0.340926  0.707107  0.000000
 -64.481 -31.289 -31.287 -31.268  -7.785   4.817   4.962   6.059  19.382  19.595
  20.009
            0.328300  0.707107  0.000000
 -64.481 -31.291 -31.286 -31.268  -7.786   4.746   5.036   6.063  19.270  19.696
  19.975
            0.315673  0.707107  0.000000
 -64.481 -31.292 -31.284 -31.268  -7.787   4.678   5.111   6.069  19.156  19.794
  19.919
            0.303046  0.707107  0.000000
 -64.481 -31.293 -31.283 -31.268  -7.788   4.611   5.188   6.078  19.039  19.888
  19.846
            0.290419  0.707107  0.000000
 -64.481 -31.294 -31.282 -31.268  -7.790   4.546   5.264   6.089  18.921  19.977
  19.757
            0.277792  0.707107  0.000000
 -64.481 -31.295 -31.281 -31.268  -7.792   4.483   5.341   6.102  18.801  20.063
  19.657
            0.265165  0.707107  0.000000
 -64.481 -31.297 -31.280 -31.268  -7.795   4.423   5.419   6.118  18.680  20.144
  19.547
            0.252538  0.707107  0.000000
 -64.481 -31.298 -31.279 -31.268  -7.797   4.364   5.496   6.135  18.558  20.221
  19.432
            0.239911  0.707107 -0.000000
 -64.481 -31.299 -31.278 -31.268  -7.800   4.308   5.572   6.154  18.436  20.294
  19.312
            0.227284  0.707107  0.000000
 -64.481 -31.300 -31.276 -31.268  -7.803   4.255   5.648   6.174  18.315  20.363
  19.190
            0.214657  0.707107  0.000000
 -64.481 -31.301 -31.275 -31.267  -7.807   4.204   5.723   6.196  18.196  20.427
  19.068
            0.202031  0.707107  0.000000
 -64.481 -31.302 -31.274 -31.267  -7.810   4.155   5.796   6.218  18.078  20.488
  18.947
            0.189404  0.707107  0.000000
 -64.481 -31.303 -31.274 -31.267  -7.814   4.109   5.868   6.242  17.963  20.544
  18.829
            0.176777  0.707107  0.000000
 -64.481 -31.304 -31.273 -31.267  -7.817   4.066   5.937   6.265  17.851  20.596
  18.713
            0.164150  0.707107  0.000000
 -64.481 -31.305 -31.272 -31.267  -7.821   4.026   6.004   6.289  17.743  20.645
  18.602
            0.151523  0.707107  0.000000
 -64.481 -31.305 -31.271 -31.267  -7.824   3.988   6.068   6.313  17.639  20.689
  18.497
            0.138896  0.707107  0.000000
 -64.481 -31.306 -31.270 -31.267  -7.828   3.954   6.129   6.336  17.541  20.730
  18.397
            0.126269  0.707107  0.000000
 -64.481 -31.307 -31.270 -31.267  -7.831   3.922   6.187   6.359  17.449  20.767
  18.303
            0.113642  0.707107  0.000000
 -64.481 -31.308 -31.269 -31.267  -7.834   3.893   6.240   6.380  17.363  20.800
  18.217
            0.101015  0.707107 -0.000000
 -64.481 -31.308 -31.268 -31.267  -7.837   3.867   6.289   6.400  17.285  20.829
  18.139
            0.088388  0.707107  0.000000
 -64.481 -31.309 -31.268 -31.266  -7.840   3.844   6.333   6.418  17.214  20.855
  18.068
            0.075761  0.707107  0.000000
 -64.481 -31.309 -31.267 -31.266  -7.842   3.824   6.372   6.435  17.152  20.877
  18.006
            0.063135  0.707107 -0.000000
 -64.481 -31.309 -31.267 -31.266  -7.844   3.808   6.405   6.449  17.098  20.896
  17.953
            0.050508  0.707107  0.000000
 -64.481 -31.310 -31.267 -31.266  -7.846   3.794   6.433   6.462  17.054  20.911
  17.909
            0.037881  0.707107  0.000000
 -64.481 -31.310 -31.266 -31.266  -7.848   3.783   6.455   6.471  17.019  20.923
  17.875
            0.025254  0.707107  0.000000
 -64.481 -31.310 -31.266 -31.266  -7.849   3.775   6.471   6.478  16.993  20.932
  17.850
            0.012627  0.707107  0.000000
 -64.481 -31.310 -31.266 -31.266  -7.849   3.771   6.480   6.482  16.978  20.937
  17.835
            0.000000  0.707107  0.000000
 -64.481 -31.310 -31.266 -31.266  -7.849   3.769   6.484   6.484  16.973  20.939
  17.830
