-72.3147 -39.0587 -39.0587 -39.0587 -17.2127 0.0023 0.0023 0.0023 4.7683 15.8273 15.8273
-72.3147 -39.0597 -39.0597 -39.0597 -17.2117 -0.0037 0.0013 0.0013 4.7763 15.8083 15.8303
-72.3147 -39.0597 -39.0597 -39.0597 -17.2077 -0.0227 -0.0017 -0.0017 4.7973 15.7513 15.8383
-72.3147 -39.0597 -39.0597 -39.0597 -17.2027 -0.0547 -0.0077 -0.0077 4.8333 15.6613 15.8513
-72.3147 -39.0597 -39.0597 -39.0597 -17.1947 -0.0977 -0.0167 -0.0167 4.8823 15.5433 15.8703
-72.3147 -39.0607 -39.0597 -39.0597 -17.1847 -0.1517 -0.0267 -0.0267 4.9433 15.4023 15.8933
-72.3137 -39.0617 -39.0597 -39.0597 -17.1727 -0.2157 -0.0397 -0.0397 5.0163 15.2443 15.9223
-72.3137 -39.0617 -39.0607 -39.0607 -17.1587 -0.2887 -0.0547 -0.0547 5.1003 15.0723 15.9553
-72.3137 -39.0627 -39.0607 -39.0607 -17.1427 -0.3697 -0.0717 -0.0717 5.1933 14.8923 15.9943
-72.3137 -39.0637 -39.0607 -39.0607 -17.1247 -0.4577 -0.0907 -0.0907 5.2953 14.7053 16.0363
-72.3137 -39.0647 -39.0617 -39.0617 -17.1047 -0.5517 -0.1117 -0.1117 5.4053 14.5133 16.0843
-72.3137 -39.0657 -39.0617 -39.0617 -17.0827 -0.6507 -0.1347 -0.1347 5.5223 14.3193 16.1353
-72.3137 -39.0677 -39.0617 -39.0617 -17.0587 -0.7547 -0.1597 -0.1597 5.6453 14.1243 16.1913
-72.3127 -39.0687 -39.0627 -39.0627 -17.0327 -0.8617 -0.1857 -0.1857 5.7733 13.9293 16.2503
-72.3127 -39.0707 -39.0627 -39.0627 -17.0057 -0.9717 -0.2137 -0.2137 5.9063 13.7353 16.3123
-72.3127 -39.0717 -39.0637 -39.0637 -16.9767 -1.0827 -0.2427 -0.2427 6.0423 13.5433 16.3783
-72.3127 -39.0737 -39.0647 -39.0647 -16.9457 -1.1967 -0.2737 -0.2737 6.1823 13.3523 16.4473
-72.3127 -39.0747 -39.0647 -39.0647 -16.9137 -1.3107 -0.3047 -0.3047 6.3243 13.1643 16.5193
-72.3117 -39.0767 -39.0657 -39.0657 -16.8807 -1.4247 -0.3377 -0.3377 6.4693 12.9793 16.5933
-72.3117 -39.0787 -39.0657 -39.0657 -16.8457 -1.5397 -0.3717 -0.3717 6.6163 12.7973 16.6703
-72.3117 -39.0807 -39.0667 -39.0667 -16.8097 -1.6547 -0.4057 -0.4057 6.7643 12.6193 16.7483
-72.3107 -39.0817 -39.0677 -39.0677 -16.7727 -1.7677 -0.4407 -0.4407 6.9133 12.4443 16.8293
-72.3107 -39.0837 -39.0677 -39.0677 -16.7337 -1.8807 -0.4757 -0.4757 7.0633 12.2733 16.9103
-72.3107 -39.0857 -39.0687 -39.0687 -16.6947 -1.9927 -0.5117 -0.5117 7.2133 12.1063 16.8543
-72.3107 -39.0877 -39.0697 -39.0697 -16.6557 -2.1017 -0.5487 -0.5487 7.3633 11.9433 16.6243
-72.3097 -39.0897 -39.0707 -39.0707 -16.6147 -2.2097 -0.5847 -0.5847 7.5133 11.7843 16.3993
-72.3097 -39.0917 -39.0707 -39.0707 -16.5737 -2.3157 -0.6217 -0.6217 7.6623 11.6293 16.1773
-72.3097 -39.0937 -39.0717 -39.0717 -16.5327 -2.4197 -0.6577 -0.6577 7.8103 11.4793 15.9603
-72.3087 -39.0957 -39.0727 -39.0727 -16.4907 -2.5207 -0.6937 -0.6937 7.9563 11.3333 15.7483
-72.3087 -39.0977 -39.0737 -39.0737 -16.4487 -2.6197 -0.7297 -0.7297 8.1013 11.1923 15.5423
-72.3087 -39.0997 -39.0747 -39.0747 -16.4077 -2.7157 -0.7657 -0.7657 8.2433 11.0553 15.3413
-72.3077 -39.1017 -39.0747 -39.0747 -16.3657 -2.8087 -0.8007 -0.8007 8.3833 10.9223 15.1473
-72.3077 -39.1037 -39.0757 -39.0757 -16.3237 -2.8997 -0.8357 -0.8357 8.5203 10.7953 14.9593
-72.3077 -39.1057 -39.0767 -39.0767 -16.2827 -2.9867 -0.8697 -0.8697 8.6533 10.6723 14.7793
-72.3067 -39.1077 -39.0777 -39.0777 -16.2417 -3.0707 -0.9027 -0.9027 8.7823 10.5533 14.6063
-72.3067 -39.1097 -39.0777 -39.0777 -16.2017 -3.1507 -0.9357 -0.9357 8.9073 10.4393 14.4413
-72.3067 -39.1107 -39.0787 -39.0787 -16.1617 -3.2287 -0.9667 -0.9667 9.0273 10.3303 14.2853
-72.3067 -39.1127 -39.0797 -39.0797 -16.1237 -3.3027 -0.9977 -0.9977 9.1423 10.2263 14.1383
-72.3057 -39.1147 -39.0807 -39.0807 -16.0857 -3.3727 -1.0277 -1.0277 9.2503 10.1263 14.0003
-72.3057 -39.1157 -39.0807 -39.0807 -16.0487 -3.4397 -1.0557 -1.0557 9.3523 10.0323 13.8723
-72.3057 -39.1177 -39.0817 -39.0817 -16.0127 -3.5037 -1.0837 -1.0837 9.4473 9.9423 13.7553
-72.3057 -39.1187 -39.0817 -39.0817 -15.9787 -3.5637 -1.1097 -1.1097 9.5353 9.8573 13.6483
-72.3047 -39.1207 -39.0827 -39.0827 -15.9457 -3.6207 -1.1347 -1.1347 9.6143 9.7763 13.5523
-72.3047 -39.1217 -39.0837 -39.0837 -15.9147 -3.6737 -1.1587 -1.1587 9.6863 9.7013 13.4683
-72.3047 -39.1227 -39.0837 -39.0837 -15.8847 -3.7227 -1.1817 -1.1817 9.7493 9.6303 13.3943
-72.3047 -39.1247 -39.0847 -39.0847 -15.8567 -3.7687 -1.2027 -1.2027 9.8033 9.5643 13.3303
-72.3037 -39.1257 -39.0847 -39.0847 -15.8297 -3.8107 -1.2217 -1.2217 9.8503 9.5033 13.2773
-72.3037 -39.1267 -39.0857 -39.0857 -15.8057 -3.8497 -1.2407 -1.2407 9.8893 9.4473 13.2343
-72.3037 -39.1277 -39.0857 -39.0857 -15.7827 -3.8857 -1.2567 -1.2567 9.9213 9.3963 13.1993
-72.3037 -39.1287 -39.0857 -39.0857 -15.7617 -3.9177 -1.2727 -1.2727 9.9463 9.3493 13.1733
-72.3037 -39.1287 -39.0867 -39.0867 -15.7427 -3.9457 -1.2857 -1.2857 9.9653 9.3083 13.1533
-72.3037 -39.1297 -39.0867 -39.0867 -15.7267 -3.9707 -1.2977 -1.2977 9.9803 9.2713 13.1393
-72.3037 -39.1307 -39.0867 -39.0867 -15.7117 -3.9927 -1.3087 -1.3087 9.9903 9.2393 13.1293
-72.3027 -39.1307 -39.0877 -39.0877 -15.6997 -4.0107 -1.3177 -1.3177 9.9983 9.2123 13.1233
-72.3027 -39.1317 -39.0877 -39.0877 -15.6897 -4.0257 -1.3247 -1.3247 10.0023 9.1903 13.1193
-72.3027 -39.1317 -39.0877 -39.0877 -15.6817 -4.0377 -1.3307 -1.3307 10.0053 9.1733 13.1183
-72.3027 -39.1317 -39.0877 -39.0877 -15.6757 -4.0457 -1.3347 -1.3347 10.0073 9.1613 13.1173
-72.3027 -39.1317 -39.0877 -39.0877 -15.6717 -4.0507 -1.3367 -1.3367 10.0083 9.1543 13.1173
-72.3027 -39.1317 -39.0877 -39.0877 -15.6707 -4.0527 -1.3377 -1.3377 10.0083 9.1513 13.1173
-72.3027 -39.1317 -39.0877 -39.0877 -15.6707 -4.0507 -1.3427 -1.3377 10.0133 9.1563 13.1153
-72.3027 -39.1317 -39.0877 -39.0877 -15.6707 -4.0467 -1.3577 -1.3357 10.0283 9.1713 13.1103
-72.3027 -39.1317 -39.0887 -39.0877 -15.6697 -4.0387 -1.3827 -1.3337 9.1953 10.0533 13.1023
-72.3027 -39.1317 -39.0887 -39.0877 -15.6677 -4.0287 -1.4177 -1.3297 9.2273 10.0883 13.0903
-72.3027 -39.1307 -39.0897 -39.0877 -15.6667 -4.0147 -1.4607 -1.3247 9.2673 10.1333 13.0763
-72.3027 -39.1307 -39.0897 -39.0867 -15.6647 -3.9987 -1.5127 -1.3187 9.3133 10.1903 13.0583
-72.3027 -39.1307 -39.0907 -39.0867 -15.6617 -3.9787 -1.5717 -1.3117 9.3643 10.2573 13.0373
-72.3027 -39.1297 -39.0917 -39.0867 -15.6597 -3.9567 -1.6377 -1.3047 9.4193 10.3363 13.0133
-72.3027 -39.1297 -39.0927 -39.0867 -15.6577 -3.9307 -1.7107 -1.2957 9.4763 10.4263 12.9863
-72.3027 -39.1287 -39.0937 -39.0857 -15.6547 -3.9027 -1.7887 -1.2857 9.5353 10.5263 12.9573
-72.3027 -39.1277 -39.0947 -39.0857 -15.6517 -3.8717 -1.8717 -1.2747 9.5953 10.6363 12.9253
-72.3027 -39.1277 -39.0957 -39.0847 -15.6497 -3.8377 -1.9587 -1.2627 9.6563 10.7543 12.8913
-72.3027 -39.1267 -39.0967 -39.0847 -15.6467 -3.8007 -2.0477 -1.2497 9.7173 10.8783 12.8543
-72.3027 -39.1257 -39.0987 -39.0847 -15.6447 -3.7607 -2.1397 -1.2367 9.7773 11.0083 12.8153
-72.3027 -39.1247 -39.0997 -39.0837 -15.6427 -3.7187 -2.2337 -1.2217 9.8383 11.1413 12.7743
-72.3027 -39.1237 -39.1007 -39.0827 -15.6417 -3.6737 -2.3267 -1.2057 9.8973 11.2763 12.7323
-72.3027 -39.1227 -39.1027 -39.0827 -15.6407 -3.6257 -2.4207 -1.1897 9.9563 11.4123 12.6883
-72.3027 -39.1217 -39.1037 -39.0817 -15.6407 -3.5757 -2.5147 -1.1727 10.0133 11.5463 12.6423
-72.3027 -39.1207 -39.1047 -39.0817 -15.6417 -3.5227 -2.6067 -1.1547 10.0683 11.6773 12.5963
-72.3027 -39.1197 -39.1067 -39.0807 -15.6427 -3.4677 -2.6967 -1.1357 10.1213 11.8043 12.5483
-72.3027 -39.1067 -39.1197 -39.0807 -15.6427 -2.6967 -3.4677 -1.1357 10.1213 11.8043 12.5483
-72.3037 -39.1077 -39.1177 -39.0807 -15.6447 -2.7807 -3.4117 -1.1167 10.1683 11.9243 12.5023
-72.3037 -39.1097 -39.1167 -39.0797 -15.6487 -2.8627 -3.3537 -1.0967 10.2113 12.0383 12.4553
-72.3037 -39.1107 -39.1157 -39.0787 -15.6527 -2.9417 -3.2937 -1.0767 10.2493 12.1483 12.4083
-72.3037 -39.1117 -39.1147 -39.0787 -15.6577 -3.0167 -3.2317 -1.0557 10.2823 12.2533 12.3613
-72.3037 -39.1127 -39.1137 -39.0777 -15.6647 -3.0877 -3.1677 -1.0347 10.3073 12.3553 12.3143
-72.3037 -39.1137 -39.1117 -39.0767 -15.6727 -3.1547 -3.1017 -1.0117 10.3243 12.4533 12.2683
-72.3037 -39.1157 -39.1107 -39.0767 -15.6827 -3.2167 -3.0337 -0.9897 10.3333 12.5493 12.2233
-72.3037 -39.1157 -39.1097 -39.0757 -15.6937 -3.2737 -2.9647 -0.9667 10.3323 12.6453 12.1783
-72.3037 -39.1167 -39.1077 -39.0747 -15.7067 -3.3257 -2.8937 -0.9427 10.3223 12.7403 12.1353
-72.3037 -39.1177 -39.1067 -39.0747 -15.7207 -3.3717 -2.8207 -0.9187 10.3013 12.8373 12.0943
-72.3037 -39.1187 -39.1047 -39.0737 -15.7367 -3.4127 -2.7467 -0.8947 10.2693 12.9363 12.0543
-72.3047 -39.1197 -39.1037 -39.0727 -15.7537 -3.4467 -2.6717 -0.8697 10.2273 13.0383 12.0163
-72.3047 -39.1197 -39.1027 -39.0727 -15.7737 -3.4757 -2.5947 -0.8447 10.1763 13.1433 11.9803
-72.3047 -39.1197 -39.1007 -39.0717 -15.7947 -3.4987 -2.5177 -0.8197 10.1143 13.2523 11.9473
-72.3047 -39.1207 -39.0997 -39.0707 -15.8167 -3.5147 -2.4387 -0.7947 10.0443 13.3643 11.9173
-72.3047 -39.1207 -39.0977 -39.0707 -15.8417 -3.5247 -2.3597 -0.7687 9.9653 13.4803 11.8903
-72.3047 -39.1207 -39.0967 -39.0697 -15.8677 -3.5277 -2.2797 -0.7427 9.8793 13.5993 11.8663
-72.3057 -39.1207 -39.0957 -39.0697 -15.8947 -3.5257 -2.1987 -0.7177 9.7863 13.7213 11.8463
-72.3057 -39.1207 -39.0937 -39.0687 -15.9247 -3.5157 -2.1177 -0.6917 9.6863 13.8473 11.8303
-72.3057 -39.1197 -39.0927 -39.0677 -15.9557 -3.5007 -2.0367 -0.6657 9.5813 13.9743 11.8173
-72.3057 -39.1197 -39.0907 -39.0677 -15.9877 -3.4787 -1.9557 -0.6397 9.4713 14.1043 11.8093
-72.3057 -39.1187 -39.0897 -39.0667 -16.0217 -3.4497 -1.8747 -0.6137 9.3563 14.2363 11.8063
-72.3067 -39.1177 -39.0887 -39.0667 -16.0567 -3.4157 -1.7927 -0.5877 9.2383 14.3683 11.8073
-72.3067 -39.1167 -39.0867 -39.0657 -16.0927 -3.3747 -1.7127 -0.5627 9.1163 14.5023 11.8143
-72.3067 -39.1157 -39.0857 -39.0657 -16.1297 -3.3277 -1.6327 -0.5367 8.9913 14.6353 11.8253
-72.3067 -39.1147 -39.0847 -39.0647 -16.1687 -3.2747 -1.5527 -0.5117 8.8633 14.7683 11.8433
-72.3077 -39.1137 -39.0827 -39.0647 -16.2077 -3.2157 -1.4737 -0.4867 8.7333 14.9003 11.8663
-72.3077 -39.1127 -39.0817 -39.0647 -16.2477 -3.1517 -1.3967 -0.4627 8.6013 15.0303 11.8953
-72.3077 -39.1107 -39.0807 -39.0637 -16.2877 -3.0817 -1.3197 -0.4377 8.4673 15.1583 11.9303
-72.3077 -39.1087 -39.0797 -39.0637 -16.3287 -3.0067 -1.2447 -0.4137 8.3323 15.2823 11.9713
-72.3087 -39.1077 -39.0787 -39.0627 -16.3707 -2.9267 -1.1707 -0.3907 8.1963 15.4033 12.0203
-72.3087 -39.1057 -39.0767 -39.0627 -16.4127 -2.8417 -1.0977 -0.3677 8.0583 15.5193 12.0743
-72.3087 -39.1037 -39.0757 -39.0627 -16.4537 -2.7527 -1.0277 -0.3447 7.9203 15.6293 12.1363
-72.3097 -39.1017 -39.0747 -39.0627 -16.4957 -2.6587 -0.9587 -0.3227 7.7813 15.7333 12.2043
-72.3097 -39.0997 -39.0737 -39.0617 -16.5377 -2.5607 -0.8917 -0.3017 7.6413 15.8303 12.2803
-72.3097 -39.0977 -39.0727 -39.0617 -16.5787 -2.4587 -0.8267 -0.2807 7.5013 15.9183 12.3623
-72.3097 -39.0957 -39.0717 -39.0617 -16.6197 -2.3527 -0.7637 -0.2607 7.3613 15.9973 12.4523
-72.3107 -39.0937 -39.0707 -39.0607 -16.6597 -2.2437 -0.7037 -0.2407 7.2203 16.0663 12.5493
-72.3107 -39.0917 -39.0697 -39.0607 -16.6997 -2.1317 -0.6457 -0.2217 7.0803 16.1243 12.6533
-72.3107 -39.0897 -39.0687 -39.0607 -16.7387 -2.0177 -0.5897 -0.2037 6.9403 16.1723 12.7643
-72.3117 -39.0877 -39.0677 -39.0607 -16.7767 -1.9007 -0.5357 -0.1857 6.8013 16.2083 12.8833
-72.3117 -39.0847 -39.0677 -39.0607 -16.8137 -1.7817 -0.4847 -0.1687 6.6623 16.2333 13.0083
-72.3117 -39.0827 -39.0667 -39.0607 -16.8487 -1.6617 -0.4367 -0.1527 6.5243 16.2483 13.1413
-72.3117 -39.0807 -39.0657 -39.0597 -16.8837 -1.5407 -0.3907 -0.1367 6.3883 16.2523 13.2803
-72.3127 -39.0787 -39.0647 -39.0597 -16.9167 -1.4187 -0.3477 -0.1217 6.2533 16.2473 13.4253
-72.3127 -39.0767 -39.0647 -39.0597 -16.9487 -1.2977 -0.3067 -0.1077 6.1203 16.2343 13.5773
-72.3127 -39.0747 -39.0637 -39.0597 -16.9797 -1.1767 -0.2687 -0.0947 5.9893 16.2133 13.7343
-72.3127 -39.0727 -39.0627 -39.0597 -17.0077 -1.0567 -0.2327 -0.0827 5.8603 16.1873 13.8973
-72.3127 -39.0717 -39.0627 -39.0597 -17.0357 -0.9387 -0.1997 -0.0707 5.7353 16.1563 14.0643
-72.3137 -39.0697 -39.0617 -39.0597 -17.0607 -0.8227 -0.1697 -0.0597 5.6143 16.1223 14.2353
-72.3137 -39.0677 -39.0617 -39.0597 -17.0847 -0.7107 -0.1417 -0.0497 5.4973 16.0873 14.4083
-72.3137 -39.0667 -39.0617 -39.0597 -17.1057 -0.6037 -0.1167 -0.0407 5.3863 16.0503 14.5843
-72.3137 -39.0657 -39.0607 -39.0597 -17.1257 -0.5007 -0.0937 -0.0327 5.2813 16.0143 14.7593
-72.3137 -39.0637 -39.0607 -39.0597 -17.1437 -0.4047 -0.0737 -0.0257 5.1823 15.9793 14.9333
-72.3137 -39.0627 -39.0597 -39.0597 -17.1597 -0.3167 -0.0557 -0.0187 5.0923 15.9463 15.1033
-72.3137 -39.0617 -39.0597 -39.0597 -17.1737 -0.2367 -0.0397 -0.0127 5.0113 15.9153 15.2653
-72.3147 -39.0607 -39.0597 -39.0597 -17.1857 -0.1667 -0.0267 -0.0087 4.9393 15.8883 15.4163
-72.3147 -39.0607 -39.0597 -39.0597 -17.1957 -0.1077 -0.0167 -0.0047 4.8793 15.8663 15.5523
-72.3147 -39.0597 -39.0597 -39.0597 -17.2027 -0.0597 -0.0077 -0.0017 4.8323 15.8493 15.6663
-72.3147 -39.0597 -39.0597 -39.0597 -17.2087 -0.0257 -0.0017 0.0013 4.7973 15.8373 15.7533
-72.3147 -39.0597 -39.0597 -39.0587 -17.2117 -0.0047 0.0013 0.0023 4.7763 15.8303 15.8083
-72.3147 -39.0587 -39.0587 -39.0587 -17.2127 0.0023 0.0023 0.0023 4.7683 15.8273 15.8273
-72.3147 -39.0597 -39.0597 -39.0597 -17.2117 -0.0047 0.0023 0.0023 4.7763 15.8083 15.8303
-72.3147 -39.0597 -39.0597 -39.0597 -17.2077 -0.0267 0.0003 0.0003 4.7973 15.7523 15.8383
-72.3147 -39.0597 -39.0597 -39.0597 -17.2027 -0.0637 -0.0037 -0.0037 4.8333 15.6633 15.8503
-72.3147 -39.0607 -39.0597 -39.0597 -17.1947 -0.1137 -0.0087 -0.0087 4.8823 15.5473 15.8683
-72.3147 -39.0617 -39.0597 -39.0597 -17.1847 -0.1767 -0.0147 -0.0147 4.9433 15.4093 15.8903
-72.3137 -39.0627 -39.0597 -39.0597 -17.1727 -0.2517 -0.0227 -0.0227 5.0163 15.2563 15.9173
-72.3137 -39.0637 -39.0597 -39.0597 -17.1587 -0.3377 -0.0307 -0.0307 5.0983 15.0933 15.9493
-72.3137 -39.0647 -39.0597 -39.0597 -17.1427 -0.4317 -0.0407 -0.0407 5.1893 14.9233 15.9853
-72.3137 -39.0657 -39.0597 -39.0597 -17.1237 -0.5347 -0.0527 -0.0527 5.2883 14.7493 16.0243
-72.3137 -39.0677 -39.0597 -39.0597 -17.1037 -0.6457 -0.0647 -0.0647 5.3943 14.5743 16.0673
-72.3137 -39.0687 -39.0597 -39.0597 -17.0807 -0.7627 -0.0777 -0.0777 5.5043 14.4003 16.1133
-72.3137 -39.0707 -39.0607 -39.0607 -17.0567 -0.8847 -0.0927 -0.0927 5.6193 14.2283 16.1613
-72.3127 -39.0727 -39.0607 -39.0607 -17.0307 -1.0107 -0.1077 -0.1077 5.7383 14.0613 16.2113
-72.3127 -39.0747 -39.0607 -39.0607 -17.0027 -1.1407 -0.1237 -0.1237 5.8583 13.8973 16.2623
-72.3127 -39.0767 -39.0607 -39.0607 -16.9737 -1.2737 -0.1407 -0.1407 5.9813 13.7403 16.3143
-72.3127 -39.0797 -39.0607 -39.0607 -16.9427 -1.4097 -0.1587 -0.1587 6.1033 13.5893 16.3663
-72.3127 -39.0817 -39.0617 -39.0617 -16.9097 -1.5467 -0.1767 -0.1767 6.2263 13.4453 16.4173
-72.3117 -39.0837 -39.0617 -39.0617 -16.8757 -1.6847 -0.1957 -0.1957 6.3483 13.3093 16.4663
-72.3117 -39.0867 -39.0617 -39.0617 -16.8407 -1.8237 -0.2157 -0.2157 6.4693 13.1803 16.5123
-72.3117 -39.0887 -39.0617 -39.0617 -16.8037 -1.9627 -0.2347 -0.2347 6.5873 13.0603 16.5543
-72.3117 -39.0917 -39.0627 -39.0627 -16.7667 -2.1017 -0.2557 -0.2557 6.7023 12.9493 16.5923
-72.3107 -39.0947 -39.0627 -39.0627 -16.7277 -2.2407 -0.2757 -0.2757 6.8143 12.8463 16.6253
-72.3107 -39.0967 -39.0627 -39.0627 -16.6887 -2.3777 -0.2957 -0.2957 6.9223 12.7533 16.6523
-72.3107 -39.0997 -39.0637 -39.0637 -16.6477 -2.5137 -0.3167 -0.3167 7.0253 12.6703 16.6743
-72.3097 -39.1027 -39.0637 -39.0637 -16.6077 -2.6487 -0.3367 -0.3367 7.1233 12.5963 16.6893
-72.3097 -39.1047 -39.0637 -39.0637 -16.5657 -2.7807 -0.3567 -0.3567 7.2153 12.5323 16.6993
-72.3097 -39.1077 -39.0637 -39.0637 -16.5247 -2.9107 -0.3777 -0.3777 7.3023 12.4773 16.7023
-72.3097 -39.1107 -39.0647 -39.0647 -16.4827 -3.0377 -0.3967 -0.3967 7.3823 12.4333 16.7003
-72.3087 -39.1127 -39.0647 -39.0647 -16.4417 -3.1627 -0.4167 -0.4167 7.4563 12.3973 16.6943
-72.3087 -39.1157 -39.0647 -39.0647 -16.4007 -3.2837 -0.4357 -0.4357 7.5233 12.3703 16.6833
-72.3087 -39.1177 -39.0647 -39.0647 -16.3597 -3.4007 -0.4547 -0.4547 7.5843 12.3523 16.6683
-72.3087 -39.1207 -39.0657 -39.0657 -16.3197 -3.5147 -0.4727 -0.4727 7.6393 12.3423 16.6513
-72.3077 -39.1227 -39.0657 -39.0657 -16.2797 -3.6237 -0.4897 -0.4897 7.6873 12.3393 16.6313
-72.3077 -39.1257 -39.0657 -39.0657 -16.2407 -3.7287 -0.5067 -0.5067 7.7293 12.3433 16.6103
-72.3077 -39.1277 -39.0657 -39.0657 -16.2037 -3.8287 -0.5227 -0.5227 7.7663 12.3533 16.5883
-72.3077 -39.1297 -39.0667 -39.0667 -16.1677 -3.9237 -0.5387 -0.5387 7.7983 12.3673 16.5653
-72.3067 -39.1317 -39.0667 -39.0667 -16.1327 -4.0137 -0.5527 -0.5527 7.8253 12.3863 16.5423
-72.3067 -39.1337 -39.0667 -39.0667 -16.0997 -4.0977 -0.5667 -0.5667 7.8473 12.4083 16.5193
-72.3067 -39.1357 -39.0667 -39.0667 -16.0687 -4.1767 -0.5797 -0.5797 7.8663 12.4313 16.4973
-72.3067 -39.1367 -39.0667 -39.0667 -16.0397 -4.2487 -0.5907 -0.5907 7.8813 12.4573 16.4763
-72.3067 -39.1387 -39.0667 -39.0667 -16.0127 -4.3157 -0.6017 -0.6017 7.8943 12.4823 16.4563
-72.3067 -39.1397 -39.0677 -39.0677 -15.9887 -4.3757 -0.6117 -0.6117 7.9043 12.5083 16.4383
-72.3067 -39.1407 -39.0677 -39.0677 -15.9667 -4.4287 -0.6197 -0.6197 7.9123 12.5323 16.4223
-72.3057 -39.1417 -39.0677 -39.0677 -15.9467 -4.4757 -0.6277 -0.6277 7.9183 12.5543 16.4073
-72.3057 -39.1427 -39.0677 -39.0677 -15.9307 -4.5157 -0.6337 -0.6337 7.9233 12.5743 16.3943
-72.3057 -39.1437 -39.0677 -39.0677 -15.9167 -4.5477 -0.6397 -0.6397 7.9263 12.5913 16.3843
-72.3057 -39.1447 -39.0677 -39.0677 -15.9057 -4.5737 -0.6437 -0.6437 7.9293 12.6053 16.3763
-72.3057 -39.1447 -39.0677 -39.0677 -15.8977 -4.5917 -0.6467 -0.6467 7.9303 12.6153 16.3703
-72.3057 -39.1447 -39.0677 -39.0677 -15.8937 -4.6027 -0.6477 -0.6477 7.9313 12.6213 16.3663
-72.3057 -39.1447 -39.0677 -39.0677 -15.8917 -4.6067 -0.6487 -0.6487 7.9323 12.6233 16.3653
-72.3057 -39.1447 -39.0677 -39.0677 -15.8917 -4.6047 -0.6527 -0.6497 7.9373 12.6223 16.3493
-72.3057 -39.1447 -39.0677 -39.0677 -15.8907 -4.6007 -0.6657 -0.6517 7.9543 12.6193 16.3013
-72.3057 -39.1447 -39.0687 -39.0677 -15.8887 -4.5927 -0.6877 -0.6547 7.9813 12.6133 16.2243
-72.3057 -39.1447 -39.0687 -39.0677 -15.8857 -4.5817 -0.7177 -0.6597 8.0203 12.6063 16.1233
-72.3057 -39.1437 -39.0697 -39.0677 -15.8827 -4.5677 -0.7547 -0.6667 8.0683 12.5973 16.0003
-72.3057 -39.1437 -39.0697 -39.0687 -15.8777 -4.5497 -0.7997 -0.6747 8.1273 12.5853 15.8613
-72.3057 -39.1437 -39.0707 -39.0687 -15.8727 -4.5297 -0.8517 -0.6837 8.1953 12.5723 15.7093
-72.3057 -39.1427 -39.0717 -39.0687 -15.8677 -4.5067 -0.9097 -0.6947 8.2713 12.5563 15.5483
-72.3057 -39.1427 -39.0727 -39.0687 -15.8607 -4.4797 -0.9747 -0.7077 8.3563 12.5393 15.3813
-72.3057 -39.1417 -39.0737 -39.0697 -15.8537 -4.4507 -1.0437 -0.7217 8.4483 12.5193 15.2103
-72.3057 -39.1407 -39.0747 -39.0697 -15.8467 -4.4187 -1.1167 -0.7377 8.5473 12.4983 15.0373
-72.3057 -39.1397 -39.0757 -39.0707 -15.8387 -4.3837 -1.1947 -0.7557 8.6523 12.4753 14.8643
-72.3047 -39.1387 -39.0777 -39.0707 -15.8297 -4.3457 -1.2747 -0.7747 8.7623 12.4503 14.6923
-72.3047 -39.1387 -39.0787 -39.0707 -15.8207 -4.3057 -1.3577 -0.7957 8.8773 12.4243 14.5233
-72.3047 -39.1377 -39.0807 -39.0717 -15.8117 -4.2627 -1.4427 -0.8187 8.9963 12.3953 14.3563
-72.3047 -39.1367 -39.0817 -39.0717 -15.8017 -4.2177 -1.5297 -0.8437 9.1193 12.3663 14.1943
-72.3047 -39.1357 -39.0837 -39.0727 -15.7917 -4.1697 -1.6167 -0.8707 9.2453 12.3353 14.0363
-72.3047 -39.1347 -39.0847 -39.0737 -15.7807 -4.1197 -1.7037 -0.8997 9.3733 12.3033 13.8833
-72.3047 -39.1327 -39.0867 -39.0737 -15.7697 -4.0677 -1.7907 -0.9307 9.5033 12.2693 13.7363
-72.3047 -39.1317 -39.0877 -39.0747 -15.7597 -4.0127 -1.8777 -0.9627 9.6353 12.2353 13.5953
-72.3047 -39.1307 -39.0897 -39.0757 -15.7487 -3.9567 -1.9627 -0.9977 9.7673 12.1993 13.4603
-72.3047 -39.1297 -39.0917 -39.0757 -15.7377 -3.8987 -2.0457 -1.0347 9.9003 12.1633 13.3323
-72.3037 -39.1287 -39.0927 -39.0767 -15.7267 -3.8397 -2.1277 -1.0727 10.0333 12.1263 13.2103
-72.3037 -39.1267 -39.0947 -39.0777 -15.7157 -3.7787 -2.2067 -1.1127 10.1653 12.0893 13.0963
-72.3037 -39.1257 -39.0957 -39.0787 -15.7047 -3.7167 -2.2827 -1.1547 10.2963 12.0523 12.9893
-72.3037 -39.1247 -39.0977 -39.0787 -15.6947 -3.6537 -2.3567 -1.1987 10.4253 12.0153 12.8883
-72.3037 -39.1227 -39.0987 -39.0797 -15.6847 -3.5907 -2.4267 -1.2437 10.5533 11.9793 12.7963
-72.3037 -39.1217 -39.1007 -39.0807 -15.6747 -3.5267 -2.4927 -1.2897 10.6783 11.9433 12.7103
-72.3037 -39.1207 -39.1017 -39.0817 -15.6657 -3.4627 -2.5547 -1.3367 10.7993 11.9073 12.6313
-72.3037 -39.1187 -39.1027 -39.0827 -15.6567 -3.3987 -2.6137 -1.3847 10.9173 11.8743 12.5603
-72.3037 -39.1177 -39.1037 -39.0837 -15.6487 -3.3357 -2.6677 -1.4327 11.0303 11.8413 12.4953
-72.3037 -39.1167 -39.1047 -39.0847 -15.6407 -3.2747 -2.7167 -1.4807 11.1373 11.8113 12.4383
-72.3037 -39.1157 -39.1057 -39.0857 -15.6347 -3.2157 -2.7617 -1.5287 11.2373 11.7833 12.3863
-72.3027 -39.1147 -39.1067 -39.0867 -15.6277 -3.1587 -2.8007 -1.5737 11.3303 11.7573 12.3423
-72.3027 -39.1137 -39.1077 -39.0867 -15.6227 -3.1057 -2.8357 -1.6177 11.4143 11.7343 12.3033
-72.3027 -39.1127 -39.1087 -39.0877 -15.6177 -3.0577 -2.8657 -1.6577 11.4883 11.7143 12.2713
-72.3027 -39.1117 -39.1087 -39.0887 -15.6137 -3.0157 -2.8897 -1.6927 11.5513 11.6983 12.2453
-72.3027 -39.1107 -39.1097 -39.0887 -15.6107 -2.9807 -2.9087 -1.7227 11.6013 11.6853 12.2253
-72.3027 -39.1107 -39.1097 -39.0897 -15.6087 -2.9547 -2.9227 -1.7447 11.6383 11.6763 12.2103
-72.3027 -39.1097 -39.1097 -39.0897 -15.6067 -2.9387 -2.9307 -1.7587 11.6603 11.6703 12.2023
-72.3027 -39.1097 -39.1097 -39.0897 -15.6067 -2.9327 -2.9327 -1.7637 11.6683 11.6683 12.1993
-72.3027 -39.1107 -39.1087 -39.0897 -15.6067 -3.0047 -2.8597 -1.7627 11.5603 11.7733 12.1873
-72.3027 -39.1127 -39.1077 -39.0897 -15.6077 -3.0757 -2.7857 -1.7587 11.4483 11.8743 12.1533
-72.3027 -39.1137 -39.1057 -39.0897 -15.6087 -3.1437 -2.7107 -1.7527 11.3343 11.9723 12.0973
-72.3027 -39.1147 -39.1047 -39.0897 -15.6097 -3.2107 -2.6337 -1.7437 11.2173 12.0663 12.0243
-72.3027 -39.1157 -39.1037 -39.0897 -15.6117 -3.2757 -2.5577 -1.7327 11.0993 12.1553 11.9353
-72.3027 -39.1167 -39.1027 -39.0897 -15.6137 -3.3387 -2.4807 -1.7197 10.9793 12.2413 11.8353
-72.3027 -39.1187 -39.1017 -39.0897 -15.6167 -3.3987 -2.4027 -1.7037 10.8583 12.3223 11.7253
-72.3027 -39.1197 -39.1007 -39.0897 -15.6187 -3.4577 -2.3257 -1.6867 10.7363 12.3993 11.6103
-72.3027 -39.1207 -39.0997 -39.0897 -15.6217 -3.5137 -2.2497 -1.6677 10.6143 12.4723 11.4903
-72.3027 -39.1217 -39.0977 -39.0897 -15.6247 -3.5667 -2.1737 -1.6477 10.4933 12.5413 11.3683
-72.3027 -39.1227 -39.0967 -39.0887 -15.6287 -3.6177 -2.0987 -1.6257 10.3743 12.6053 11.2463
-72.3027 -39.1237 -39.0957 -39.0887 -15.6317 -3.6667 -2.0257 -1.6037 10.2563 12.6663 11.1253
-72.3027 -39.1247 -39.0957 -39.0887 -15.6357 -3.7127 -1.9537 -1.5797 10.1413 12.7223 11.0073
-72.3027 -39.1257 -39.0947 -39.0887 -15.6387 -3.7557 -1.8847 -1.5567 10.0293 12.7743 10.8913
-72.3027 -39.1267 -39.0937 -39.0887 -15.6427 -3.7957 -1.8177 -1.5327 9.9213 12.8233 10.7803
-72.3027 -39.1267 -39.0927 -39.0887 -15.6457 -3.8337 -1.7537 -1.5087 9.8173 12.8673 10.6753
-72.3027 -39.1277 -39.0917 -39.0887 -15.6497 -3.8677 -1.6927 -1.4857 9.7193 12.9083 10.5753
-72.3027 -39.1287 -39.0917 -39.0887 -15.6527 -3.8997 -1.6347 -1.4627 9.6273 12.9453 10.4813
-72.3027 -39.1297 -39.0907 -39.0887 -15.6557 -3.9287 -1.5817 -1.4417 9.5413 12.9783 10.3953
-72.3027 -39.1297 -39.0897 -39.0887 -15.6587 -3.9547 -1.5327 -1.4217 9.4633 13.0073 10.3173
-72.3027 -39.1307 -39.0897 -39.0877 -15.6617 -3.9777 -1.4887 -1.4037 9.3923 13.0333 10.2463
-72.3027 -39.1307 -39.0887 -39.0877 -15.6637 -3.9977 -1.4497 -1.3867 9.3303 13.0553 10.1843
-72.3027 -39.1307 -39.0887 -39.0877 -15.6657 -4.0137 -1.4167 -1.3727 9.2763 13.0743 10.1313
-72.3027 -39.1317 -39.0887 -39.0877 -15.6677 -4.0277 -1.3887 -1.3597 9.2323 13.0893 10.0873
-72.3027 -39.1317 -39.0877 -39.0877 -15.6697 -4.0387 -1.3667 -1.3507 9.1973 13.1013 10.0533
-72.3027 -39.1317 -39.0877 -39.0877 -15.6707 -4.0467 -1.3507 -1.3437 9.1713 13.1103 10.0283
-72.3027 -39.1317 -39.0877 -39.0877 -15.6707 -4.0507 -1.3417 -1.3397 9.1563 13.1153 10.0133
-72.3027 -39.1317 -39.0877 -39.0877 -15.6707 -4.0527 -1.3377 -1.3377 9.1513 13.1173 10.0083
