0.4    -1.21018        -0.326808        -1.04022        -1.39457    
0.42    -1.16124        -0.313064        -0.997437        -1.37667    
0.44    -1.11598        -0.297754        -0.954581        -1.35846    
0.46    -1.07424        -0.281064        -0.911768        -1.33997    
0.48    -1.03585        -0.263171        -0.869108        -1.32124    
0.5    -1.00064        -0.244241        -0.826701        -1.30231    
0.52    -0.96843        -0.22443        -0.784637        -1.2832    
0.54    -0.939037        -0.203887        -0.742999        -1.26397    
0.56    -0.912279        -0.182746        -0.701861        -1.24462    
0.58    -0.887978        -0.161135        -0.661289        -1.22521    
0.6    -0.865961        -0.139171        -0.621344        -1.20574    
0.62    -0.846059        -0.116962        -0.582076        -1.18625    
0.64    -0.828109        -0.0946084        -0.543534        -1.16677    
0.66    -0.811956        -0.0722001        -0.505757        -1.14731    
0.68    -0.79745        -0.0498205        -0.468782        -1.12789    
0.7    -0.78445        -0.0275453        -0.432637        -1.10854    
0.72    -0.772822        -0.00544297        -0.39735        -1.08928    
0.74    -0.76244        0.0164247        -0.36294        -1.07011    
0.76    -0.753184        0.0380021        -0.329426        -1.05106    
0.78    -0.744943        0.0592394        -0.296821        -1.03213    
0.8    -0.737612        0.0800925        -0.265135        -1.01335    
0.82    -0.731093        0.100522        -0.234375        -0.994726    
0.84    -0.725297        0.120494        -0.204545        -0.976266    
0.86    -0.720137        0.139978        -0.175647        -0.957981    
0.88    -0.715535        0.158948        -0.14768        -0.939881    
0.9    -0.71142        0.177382        -0.12064        -0.921974    
0.92    -0.707724        0.195262        -0.094522        -0.904268    
0.94    -0.704386        0.212573        -0.0693196        -0.88677    
0.96    -0.701349        0.229302        -0.0450236        -0.869485    
0.98    -0.698561        0.24544        -0.0216238        -0.852419    
1    -0.695976        0.26098        0.000891361        -0.835577    
1.02    -0.693551        0.275918        0.0225347        -0.818962    
1.04    -0.691245        0.290251        0.04332        -0.802578    
1.06    -0.689025        0.303979        0.063262        -0.786428    
1.08    -0.686859        0.317103        0.0823764        -0.770515    
1.1    -0.684717        0.329626        0.100679        -0.75484    
1.12    -0.682575        0.341553        0.118188        -0.739405    
1.14    -0.68041        0.352889        0.134919        -0.724212    
1.16    -0.678201        0.363642        0.150891        -0.709261    
1.18    -0.675932        0.373819        0.166122        -0.694552    
1.2    -0.673587        0.383429        0.180631        -0.680085    
1.22    -0.671153        0.392483        0.194435        -0.665861    
1.24    -0.668619        0.40099        0.207554        -0.651879    
1.26    -0.665974        0.408962        0.220005        -0.638137    
1.28    -0.663211        0.41641        0.23181        -0.624636    
1.3    -0.660324        0.423346        0.242985        -0.611373    
1.32    -0.657307        0.429784        0.253549        -0.598347    
1.34    -0.654157        0.435734        0.263521        -0.585557    
1.36    -0.650871        0.441212        0.27292        -0.573001    
1.38    -0.647446        0.446229        0.281764        -0.560676    
1.4    -0.643883        0.450799        0.29007        -0.548582    
1.42    -0.640181        0.454935        0.297856        -0.536714    
1.44    -0.636341        0.458651        0.30514        -0.525072    
1.46    -0.632365        0.461961        0.311939        -0.513652    
1.48    -0.628253        0.464877        0.31827        -0.502452    
1.5    -0.624009        0.467413        0.324149        -0.491469    
1.52    -0.619636        0.469582        0.329593        -0.480701    
1.54    -0.615137        0.471397        0.334617        -0.470145    
1.56    -0.610515        0.472871        0.339236        -0.459797    
1.58    -0.605775        0.474017        0.343467        -0.449656    
1.6    -0.600921        0.474847        0.347323        -0.439717    
1.62    -0.595957        0.475374        0.35082        -0.429979    
1.64    -0.590888        0.475609        0.353971        -0.420437    
1.66    -0.585719        0.475565        0.35679        -0.41109    
1.68    -0.580454        0.475254        0.35929        -0.401933    
1.7    -0.575098        0.474685        0.361484        -0.392964    
1.72    -0.569657        0.473872        0.363385        -0.38418    
1.74    -0.564135        0.472823        0.365005        -0.375578    
1.76    -0.558537        0.471551        0.366356        -0.367154    
1.78    -0.552868        0.470065        0.367449        -0.358906    
1.8    -0.547134        0.468376        0.368296        -0.350831    
1.82    -0.541339        0.466492        0.368907        -0.342925    
1.84    -0.535488        0.464424        0.369293        -0.335185    
1.86    -0.529586        0.462181        0.369464        -0.327609    
1.88    -0.523637        0.459772        0.36943        -0.320193    
1.9    -0.517647        0.457205        0.369199        -0.312935    
1.92    -0.51162        0.454488        0.368782        -0.305832    
1.94    -0.50556        0.451631        0.368188        -0.29888    
1.96    -0.499472        0.44864        0.367424        -0.292077    
1.98    -0.493359        0.445524        0.366499        -0.28542    
2    -0.487227        0.44229        0.365421        -0.278906    
2.02    -0.481079        0.438944        0.364197        -0.272532    
2.04    -0.474918        0.435494        0.362836        -0.266296    
2.06    -0.46875        0.431946        0.361344        -0.260195    
2.08    -0.462577        0.428307        0.359728        -0.254227    
2.1    -0.456403        0.424583        0.357994        -0.248388    
2.12    -0.450231        0.42078        0.35615        -0.242676    
2.14    -0.444066        0.416903        0.354201        -0.237088    
2.16    -0.437909        0.412958        0.352154        -0.231623    
2.18    -0.431764        0.408951        0.350013        -0.226277    
2.2    -0.425634        0.404886        0.347784        -0.221048    
2.22    -0.419521        0.400769        0.345473        -0.215934    
2.24    -0.413429        0.396604        0.343085        -0.210932    
2.26    -0.40736        0.392395        0.340624        -0.20604    
2.28    -0.401317        0.388148        0.338096        -0.201255    
2.3    -0.395302        0.383866        0.335504        -0.196577    
2.32    -0.389317        0.379553        0.332853        -0.192001    
2.34    -0.383364        0.375213        0.330147        -0.187527    
2.36    -0.377445        0.37085        0.32739        -0.183151    
2.38    -0.371563        0.366467        0.324586        -0.178873    
2.4    -0.365719        0.362068        0.321738        -0.174689    
2.42    -0.359915        0.357656        0.318851        -0.170598    
2.44    -0.354152        0.353234        0.315926        -0.166598    
2.46    -0.348433        0.348805        0.312968        -0.162687    
2.48    -0.342758        0.344372        0.309979        -0.158864    
2.5    -0.33713        0.339937        0.306963        -0.155125    
2.52    -0.331548        0.335504        0.303922        -0.15147    
2.54    -0.326016        0.331074        0.300859        -0.147896    
2.56    -0.320533        0.32665        0.297776        -0.144402    
2.58    -0.315101        0.322234        0.294676        -0.140986    
2.6    -0.30972        0.317829        0.291562        -0.137647    
2.62    -0.304393        0.313436        0.288434        -0.134382    
2.64    -0.299119        0.309057        0.285296        -0.131191    
2.66    -0.293899        0.304695        0.28215        -0.128072    
2.68    -0.288734        0.30035        0.278997        -0.125022    
2.7    -0.283625        0.296025        0.275839        -0.122041    
2.72    -0.278573        0.291721        0.272678        -0.119127    
2.74    -0.273577        0.28744        0.269516        -0.116279    
2.76    -0.268639        0.283183        0.266354        -0.113494    
2.78    -0.263758        0.278951        0.263194        -0.110773    
2.8    -0.258936        0.274745        0.260036        -0.108113    
2.82    -0.254172        0.270568        0.256884        -0.105513    
2.84    -0.249467        0.266419        0.253737        -0.102972    
2.86    -0.244821        0.2623        0.250597        -0.100489    
2.88    -0.240234        0.258213        0.247466        -0.0980616    
2.9    -0.235707        0.254157        0.244343        -0.0956895    
2.92    -0.231239        0.250133        0.241231        -0.0933711    
2.94    -0.22683        0.246143        0.23813        -0.0911055    
2.96    -0.222481        0.242188        0.235042        -0.0888914    
2.98    -0.218191        0.238267        0.231967        -0.0867276    
3    -0.213961        0.234382        0.228905        -0.0846132    
3.02    -0.20979        0.230534        0.225859        -0.082547    
3.04    -0.205678        0.226722        0.222828        -0.080528    
3.06    -0.201626        0.222947        0.219813        -0.0785552    
3.08    -0.197632        0.21921        0.216815        -0.0766275    
3.1    -0.193698        0.215511        0.213834        -0.0747439    
3.12    -0.189821        0.211851        0.210872        -0.0729036    
3.14    -0.186003        0.208229        0.207928        -0.0711055    
3.16    -0.182243        0.204647        0.205003        -0.0693487    
3.18    -0.178541        0.201104        0.202098        -0.0676324    
3.2    -0.174896        0.197601        0.199214        -0.0659556    
3.22    -0.171308        0.194138        0.196349        -0.0643175    
3.24    -0.167777        0.190715        0.193506        -0.0627172    
3.26    -0.164302        0.187332        0.190684        -0.0611539    
3.28    -0.160883        0.18399        0.187884        -0.0596269    
3.3    -0.157519        0.180688        0.185106        -0.0581352    
3.32    -0.154211        0.177427        0.18235        -0.0566783    
3.34    -0.150957        0.174206        0.179617        -0.0552551    
3.36    -0.147757        0.171026        0.176907        -0.0538652    
3.38    -0.144611        0.167887        0.17422        -0.0525076    
3.4    -0.141518        0.164788        0.171556        -0.0511818    
3.42    -0.138478        0.16173        0.168917        -0.0498869    
3.44    -0.13549        0.158712        0.1663        -0.0486224    
3.46    -0.132554        0.155735        0.163708        -0.0473876    
3.48    -0.129669        0.152798        0.16114        -0.0461818    
3.5    -0.126835        0.149901        0.158597        -0.0450044    
3.52    -0.124051        0.147045        0.156077        -0.0438547    
3.54    -0.121317        0.144228        0.153583        -0.0427322    
3.56    -0.118632        0.141451        0.151113        -0.0416363    
3.58    -0.115995        0.138714        0.148667        -0.0405663    
3.6    -0.113406        0.136016        0.146247        -0.0395218    
3.62    -0.110865        0.133358        0.143852        -0.038502    
3.64    -0.108371        0.130738        0.141481        -0.0375066    
3.66    -0.105922        0.128158        0.139136        -0.036535    
3.68    -0.10352        0.125616        0.136816        -0.0355865    
3.7    -0.101163        0.123112        0.134521        -0.0346608    
3.72    -0.0988501        0.120646        0.132251        -0.0337574    
3.74    -0.0965815        0.118219        0.130007        -0.0328756    
3.76    -0.0943563        0.115829        0.127787        -0.0320152    
3.78    -0.0921739        0.113476        0.125593        -0.0311755    
3.8    -0.0900339        0.11116        0.123424        -0.0303561    
3.82    -0.0879355        0.108881        0.121281        -0.0295566    
3.84    -0.0858783        0.106638        0.119162        -0.0287765    
3.86    -0.0838617        0.104432        0.117069        -0.0280154    
3.88    -0.081885        0.102261        0.115001        -0.0272729    
3.9    -0.0799477        0.100126        0.112958        -0.0265485    
3.92    -0.0780493        0.0980259        0.11094        -0.0258419    
3.94    -0.0761892        0.0959608        0.108947        -0.0251527    
3.96    -0.0743667        0.0939303        0.106979        -0.0244804    
3.98    -0.0725814        0.091934        0.105035        -0.0238247    
4    -0.0708327        0.0899715        0.103117        -0.0231852    
4.02    -0.06912        0.0880426        0.101223        -0.0225615    
4.04    -0.0674427        0.0861469        0.0993544        -0.0219534    
4.06    -0.0658003        0.084284        0.09751        -0.0213603    
4.08    -0.0641923        0.0824536        0.0956901        -0.0207821    
4.1    -0.0626181        0.0806554        0.0938947        -0.0202184    
4.12    -0.0610772        0.078889        0.0921235        -0.0196687    
4.14    -0.0595689        0.077154        0.0903765        -0.0191329    
4.16    -0.0580929        0.0754502        0.0886536        -0.0186105    
4.18    -0.0566485        0.073777        0.0869547        -0.0181014    
4.2    -0.0552352        0.0721342        0.0852796        -0.0176051    
4.22    -0.0538526        0.0705215        0.0836283        -0.0171214    
4.24    -0.0525        0.0689384        0.0820006        -0.0166501    
4.26    -0.051177        0.0673845        0.0803964        -0.0161907    
4.28    -0.049883        0.0658596        0.0788155        -0.015743    
4.3    -0.0486176        0.0643633        0.0772579        -0.0153069    
4.32    -0.0473803        0.0628951        0.0757233        -0.0148819    
4.34    -0.0461705        0.0614548        0.0742116        -0.0144678    
4.36    -0.0449877        0.060042        0.0727228        -0.0140645    
4.38    -0.0438316        0.0586562        0.0712566        -0.0136716    
4.4    -0.0427016        0.0572973        0.0698128        -0.0132888    
4.42    -0.0415972        0.0559646        0.0683914        -0.012916    
4.44    -0.0405179        0.0546581        0.0669921        -0.0125529    
4.46    -0.0394633        0.0533771        0.0656148        -0.0121993    
4.48    -0.038433        0.0521215        0.0642594        -0.011855    
4.5    -0.0374265        0.0508909        0.0629256        -0.0115196    
4.52    -0.0364433        0.0496848        0.0616133        -0.0111931    
4.54    -0.035483        0.0485029        0.0603222        -0.0108753    
4.56    -0.0345451        0.0473449        0.0590524        -0.0105658    
4.58    -0.0336292        0.0462105        0.0578034        -0.0102645    
4.6    -0.032735        0.0450992        0.0565752        -0.00997124    
4.62    -0.0318619        0.0440107        0.0553676        -0.00968579    
4.64    -0.0310096        0.0429447        0.0541804        -0.00940795    
4.66    -0.0301776        0.0419008        0.0530134        -0.00913755    
4.68    -0.0293656        0.0408787        0.0518664        -0.0088744    
4.7    -0.0285731        0.0398781        0.0507391        -0.00861834    
4.72    -0.0277998        0.0388985        0.0496315        -0.00836918    
4.74    -0.0270452        0.0379398        0.0485434        -0.00812675    
4.76    -0.026309        0.0370014        0.0474744        -0.00789089    
4.78    -0.0255909        0.0360831        0.0464244        -0.00766144    
4.8    -0.0248903        0.0351846        0.0453932        -0.00743824    
4.82    -0.024207        0.0343056        0.0443807        -0.00722113    
4.84    -0.0235407        0.0334456        0.0433865        -0.00700996    
4.86    -0.0228909        0.0326044        0.0424105        -0.00680458    
4.88    -0.0222573        0.0317817        0.0414525        -0.00660485    
4.9    -0.0216395        0.0309772        0.0405123        -0.00641062    
4.92    -0.0210373        0.0301904        0.0395896        -0.00622176    
4.94    -0.0204502        0.0294212        0.0386842        -0.00603813    
4.96    -0.019878        0.0286692        0.037796        -0.00585959    
4.98    -0.0193204        0.0279342        0.0369248        -0.00568602    
5    -0.018777        0.0272157        0.0360702        -0.00551729    
5.02    -0.0182474        0.0265135        0.0352321        -0.00535328    
5.04    -0.0177315        0.0258274        0.0344103        -0.00519386    
5.06    -0.0172289        0.0251569        0.0336046        -0.00503892    
5.08    -0.0167393        0.0245019        0.0328147        -0.00488834    
5.1    -0.0162624        0.023862        0.0320405        -0.00474201    
5.12    -0.0157979        0.023237        0.0312816        -0.00459982    
5.14    -0.0153455        0.0226265        0.030538        -0.00446165    
5.16    -0.0149051        0.0220303        0.0298094        -0.00432741    
5.18    -0.0144762        0.0214482        0.0290956        -0.00419699    
5.2    -0.0140586        0.0208798        0.0283963        -0.00407029    
5.22    -0.0136521        0.0203249        0.0277114        -0.00394722    
5.24    -0.0132564        0.0197832        0.0270406        -0.00382767    
5.26    -0.0128713        0.0192544        0.0263837        -0.00371155    
5.28    -0.0124965        0.0187384        0.0257406        -0.00359878    
5.3    -0.0121317        0.0182348        0.0251109        -0.00348925    
5.32    -0.0117768        0.0177434        0.0244946        -0.0033829    
5.34    -0.0114315        0.0172639        0.0238913        -0.00327962    
5.36    -0.0110955        0.0167962        0.0233009        -0.00317934    
5.38    -0.0107686        0.0163399        0.0227232        -0.00308198    
5.4    -0.0104507        0.0158948        0.022158        -0.00298746    
5.42    -0.0101415        0.0154607        0.021605        -0.00289569    
5.44    -0.00984076        0.0150374        0.021064        -0.00280661    
5.46    -0.0095483        0.0146246        0.020535        -0.00272015    
5.48    -0.00926393        0.0142222        0.0200175        -0.00263622    
5.5    -0.00898743        0.0138298        0.0195116        -0.00255477    
5.52    -0.00871861        0.0134473        0.0190169        -0.00247572    
5.54    -0.00845729        0.0130745        0.0185332        -0.002399    
5.56    -0.00820327        0.0127111        0.0180605        -0.00232456    
5.58    -0.00795637        0.0123569        0.0175983        -0.00225233    
5.6    -0.0077164        0.0120118        0.0171467        -0.00218224    
5.62    -0.00748321        0.0116756        0.0167054        -0.00211424    
5.64    -0.0072566        0.0113479        0.0162742        -0.00204828    
5.66    -0.00703642        0.0110288        0.0158529        -0.00198428    
5.68    -0.0068225        0.0107179        0.0154413        -0.0019222    
5.7    -0.00661467        0.0104151        0.0150393        -0.00186198    
5.72    -0.00641279        0.0101201        0.0146467        -0.00180358    
5.74    -0.00621669        0.0098329        0.0142632        -0.00174693    
5.76    -0.00602622        0.00955321        0.0138888        -0.00169199    
5.78    -0.00584125        0.00928088        0.0135232        -0.00163871    
5.8    -0.00566161        0.00901574        0.0131663        -0.00158705    
5.82    -0.00548718        0.00875763        0.0128179        -0.00153695    
5.84    -0.00531782        0.00850637        0.0124778        -0.00148838    
5.86    -0.00515338        0.00826181        0.0121459        -0.00144128    
5.88    -0.00499374        0.00802379        0.011822        -0.00139562    
5.9    -0.00483878        0.00779215        0.0115059        -0.00135135    
5.92    -0.00468835        0.00756674        0.0111975        -0.00130844    
5.94    -0.00454235        0.00734741        0.0108967        -0.00126684    
5.96    -0.00440066        0.00713401        0.0106032        -0.00122651    
5.98    -0.00426314        0.00692641        0.0103169        -0.00118743    
6    -0.0041297        0.00672445        0.0100377        -0.00114955    
6.02    -0.00400022        0.006528        0.00976537        -0.00111284    
6.04    -0.0038746        0.00633693        0.00949984        -0.00107726    
6.06    -0.00375272        0.0061511        0.00924094        -0.00104278    
6.08    -0.00363448        0.00597039        0.00898851        -0.00100937    
6.1    -0.00351978        0.00579466        0.00874243        -0.000976994    
6.12    -0.00340852        0.00562379        0.00850255        -0.000945625    
6.14    -0.00330062        0.00545766        0.00826874        -0.000915232    
6.16    -0.00319596        0.00529615        0.00804087        -0.000885785    
6.18    -0.00309447        0.00513915        0.0078188        -0.000857257    
6.2    -0.00299605        0.00498653        0.0076024        -0.00082962    
6.22    -0.00290062        0.00483819        0.00739155        -0.000802848    
6.24    -0.00280809        0.00469402        0.00718612        -0.000776915    
6.26    -0.00271838        0.00455391        0.00698599        -0.000751795    
6.28    -0.00263141        0.00441775        0.00679104        -0.000727464    
6.3    -0.0025471        0.00428545        0.00660115        -0.000703899    
6.32    -0.00246537        0.0041569        0.00641621        -0.000681075    
6.34    -0.00238616        0.004032        0.0062361        -0.000658972    
6.36    -0.00230938        0.00391067        0.0060607        -0.000637566    
6.38    -0.00223497        0.0037928        0.00588991        -0.000616837    
6.4    -0.00216286        0.0036783        0.00572362        -0.000596765    
6.42    -0.00209298        0.0035671        0.00556173        -0.000577328    
6.44    -0.00202527        0.00345909        0.00540412        -0.000558509    
6.46    -0.00195966        0.00335419        0.00525071        -0.000540287    
6.48    -0.00189609        0.00325232        0.00510138        -0.000522645    
6.5    -0.00183451        0.0031534        0.00495604        -0.000505565    
6.52    -0.00177485        0.00305736        0.00481459        -0.00048903    
6.54    -0.00171705        0.0029641        0.00467694        -0.000473022    
6.56    -0.00166107        0.00287356        0.004543        -0.000457526    
6.58    -0.00160685        0.00278566        0.00441268        -0.000442526    
6.6    -0.00155433        0.00270033        0.00428588        -0.000428006    
6.62    -0.00150347        0.00261751        0.00416252        -0.000413952    
6.64    -0.00145421        0.00253711        0.00404252        -0.000400349    
6.66    -0.00140651        0.00245908        0.00392579        -0.000387183    
6.68    -0.00136032        0.00238335        0.00381225        -0.000374441    
6.7    -0.00131559        0.00230986        0.00370182        -0.000362109    
6.72    -0.00127229        0.00223854        0.00359442        -0.000350174    
6.74    -0.00123036        0.00216934        0.00348998        -0.000338625    
6.76    -0.00118977        0.00210219        0.00338842        -0.000327449    
6.78    -0.00115048        0.00203704        0.00328967        -0.000316634    
6.8    -0.00111244        0.00197383        0.00319366        -0.000306169    
6.82    -0.00107562        0.0019125        0.00310031        -0.000296043    
6.84    -0.00103998        0.00185302        0.00300956        -0.000286245    
6.86    -0.00100548        0.00179531        0.00292134        -0.000276766    
6.88    -0.000972093        0.00173933        0.00283558        -0.000267594    
6.9    -0.000939782        0.00168504        0.00275223        -0.000258721    
6.92    -0.000908512        0.00163238        0.00267122        -0.000250136    
6.94    -0.000878251        0.00158131        0.00259249        -0.000241831    
6.96    -0.00084897        0.00153178        0.00251597        -0.000233797    
6.98    -0.000820636        0.00148375        0.00244161        -0.000226025    
7    -0.000793222        0.00143718        0.00236936        -0.000218507    
7.02    -0.000766697        0.00139202        0.00229916        -0.000211235    
7.04    -0.000741035        0.00134823        0.00223095        -0.0002042    
7.06    -0.000716208        0.00130578        0.00216468        -0.000197396    
7.08    -0.00069219        0.00126461        0.00210029        -0.000190815    
7.1    -0.000668956        0.00122471        0.00203775        -0.00018445    
7.12    -0.000646482        0.00118603        0.001977        -0.000178293    
7.14    -0.000624743        0.00114853        0.00191798        -0.000172339    
7.16    -0.000603716        0.00111218        0.00186066        -0.000166581    
7.18    -0.000583379        0.00107694        0.00180499        -0.000161012    
7.2    -0.000563709        0.00104279        0.00175092        -0.000155626    
7.22    -0.000544687        0.00100969        0.00169841        -0.000150418    
7.24    -0.00052629        0.000977612        0.00164742        -0.000145381    
7.26    -0.0005085        0.000946523        0.00159791        -0.000140511    
7.28    -0.000491297        0.000916395        0.00154983        -0.000135802    
7.3    -0.000474661        0.0008872        0.00150314        -0.000131248    
7.32    -0.000458576        0.000858909        0.00145782        -0.000126844    
7.34    -0.000443024        0.000831496        0.00141381        -0.000122587    
7.36    -0.000427987        0.000804935        0.00137109        -0.00011847    
7.38    -0.000413449        0.0007792        0.00132962        -0.00011449    
7.4    -0.000399393        0.000754266        0.00128936        -0.000110641    
7.42    -0.000385805        0.00073011        0.00125028        -0.000106921    
7.44    -0.000372669        0.000706708        0.00121235        -0.000103324    
7.46    -0.000359971        0.000684038        0.00117553        -9.9846e-05    
7.48    -0.000347697        0.000662076        0.00113979        -9.64839e-05    
7.5    -0.000335832        0.000640803        0.00110511        -9.32337e-05    
7.52    -0.000324363        0.000620197        0.00107145        -9.00916e-05    
7.54    -0.000313278        0.000600238        0.00103879        -8.70541e-05    
7.56    -0.000302565        0.000580906        0.00100709        -8.41178e-05    
7.58    -0.00029221        0.000562182        0.000976332        -8.12794e-05    
7.6    -0.000282203        0.000544048        0.000946486        -7.85357e-05    
7.62    -0.000272532        0.000526486        0.000917527        -7.58835e-05    
7.64    -0.000263185        0.000509479        0.000889429        -7.332e-05    
7.66    -0.000254154        0.000493008        0.000862168        -7.0842e-05    
7.68    -0.000245426        0.000477059        0.00083572        -6.84469e-05    
7.7    -0.000236992        0.000461614        0.000810061        -6.61319e-05    
7.72    -0.000228843        0.000446659        0.000785169        -6.38944e-05    
7.74    -0.000220969        0.000432178        0.000761022        -6.17318e-05    
7.76    -0.000213361        0.000418158        0.000737599        -5.96416e-05    
7.78    -0.000206011        0.000404582        0.000714878        -5.76215e-05    
7.8    -0.000198909        0.000391439        0.000692839        -5.56692e-05    
7.82    -0.000192047        0.000378714        0.000671463        -5.37823e-05    
7.84    -0.000185419        0.000366395        0.00065073        -5.19588e-05    
7.86    -0.000179015        0.000354469        0.000630622        -5.01965e-05    
7.88    -0.000172829        0.000342923        0.00061112        -4.84934e-05    
7.9    -0.000166853        0.000331747        0.000592207        -4.68475e-05    
7.92    -0.00016108        0.000320928        0.000573866        -4.5257e-05    
7.94    -0.000155503        0.000310455        0.00055608        -4.372e-05    
7.96    -0.000150117        0.000300318        0.000538833        -4.22348e-05    
7.98    -0.000144914        0.000290506        0.000522108        -4.07995e-05    
8    -0.000139889        0.000281009        0.000505891        -3.94126e-05    
8.02    -0.000135035        0.000271817        0.000490167        -3.80725e-05    
8.04    -0.000130347        0.00026292        0.00047492        -3.67775e-05    
8.06    -0.00012582        0.000254309        0.000460138        -3.55262e-05    
8.08    -0.000121447        0.000245976        0.000445807        -3.43172e-05    
8.1    -0.000117224        0.000237912        0.000431912        -3.31489e-05    
8.12    -0.000113146        0.000230107        0.000418442        -3.20201e-05    
8.14    -0.000109207        0.000222554        0.000405383        -3.09295e-05    
8.16    -0.000105404        0.000215245        0.000392723        -2.98757e-05    
8.18    -0.000101731        0.000208173        0.000380451        -2.88575e-05    
8.2    -9.81848e-05        0.000201329        0.000368555        -2.78738e-05    
8.22    -9.47602e-05        0.000194707        0.000357024        -2.69233e-05    
8.24    -9.14533e-05        0.000188299        0.000345846        -2.60051e-05    
8.26    -8.82604e-05        0.000182099        0.000335012        -2.51179e-05    
8.28    -8.51774e-05        0.0001761        0.000324511        -2.42607e-05    
8.3    -8.22007e-05        0.000170295        0.000314333        -2.34327e-05    
8.32    -7.93266e-05        0.00016468        0.000304468        -2.26326e-05    
8.34    -7.65517e-05        0.000159246        0.000294907        -2.18597e-05    
8.36    -7.38727e-05        0.00015399        0.000285642        -2.11131e-05    
8.38    -7.12862e-05        0.000148904        0.000276662        -2.03917e-05    
8.4    -6.87892e-05        0.000143984        0.000267959        -1.96949e-05    
8.42    -6.63785e-05        0.000139225        0.000259526        -1.90217e-05    
8.44    -6.40513e-05        0.000134621        0.000251354        -1.83713e-05    
8.46    -6.18046e-05        0.000130166        0.000243434        -1.77431e-05    
8.48    -5.96359e-05        0.000125858        0.00023576        -1.71362e-05    
8.5    -5.75423e-05        0.00012169        0.000228324        -1.655e-05    
8.52    -5.55214e-05        0.000117658        0.000221119        -1.59836e-05    
8.54    -5.35706e-05        0.000113758        0.000214137        -1.54366e-05    
8.56    -5.16876e-05        0.000109986        0.000207372        -1.49081e-05    
8.58    -4.987e-05        0.000106337        0.000200818        -1.43977e-05    
8.6    -4.81156e-05        0.000102808        0.000194467        -1.39046e-05    
8.62    -4.64222e-05        9.93947e-05        0.000188315        -1.34283e-05    
8.64    -4.47878e-05        9.60933e-05        0.000182354        -1.29683e-05    
8.66    -4.32103e-05        9.29001e-05        0.000176579        -1.25239e-05    
8.68    -4.16877e-05        8.98119e-05        0.000170984        -1.20946e-05    
8.7    -4.02182e-05        8.6825e-05        0.000165564        -1.168e-05    
8.72    -3.88e-05        8.39364e-05        0.000160313        -1.12796e-05    
8.74    -3.74313e-05        8.11428e-05        0.000155226        -1.08928e-05    
8.76    -3.61103e-05        7.84411e-05        0.000150298        -1.05191e-05    
8.78    -3.48355e-05        7.58284e-05        0.000145525        -1.01583e-05    
8.8    -3.36053e-05        7.33017e-05        0.000140901        -9.80974e-06    
8.82    -3.2418e-05        7.08584e-05        0.000136422        -9.4731e-06    
8.84    -3.12723e-05        6.84955e-05        0.000132084        -9.14795e-06    
8.86    -3.01667e-05        6.62107e-05        0.000127881        -8.83391e-06    
8.88    -2.90997e-05        6.40012e-05        0.000123811        -8.5306e-06    
8.9    -2.80702e-05        6.18647e-05        0.000119868        -8.23766e-06    
8.92    -2.70767e-05        5.97988e-05        0.000116049        -7.95473e-06    
8.94    -2.61181e-05        5.78012e-05        0.000112351        -7.68148e-06    
8.96    -2.51931e-05        5.58697e-05        0.000108769        -7.41757e-06    
8.98    -2.43005e-05        5.4002e-05        0.000105299        -7.16268e-06    
9    -2.34393e-05        5.21962e-05        0.000101939        -6.91652e-06    
9.02    -2.26083e-05        5.04502e-05        9.86848e-05        -6.67879e-06    
9.04    -2.18065e-05        4.8762e-05        9.55332e-05        -6.44918e-06    
9.06    -2.10329e-05        4.71298e-05        9.2481e-05        -6.22745e-06    
9.08    -2.02865e-05        4.55516e-05        8.95252e-05        -6.0133e-06    
9.1    -1.95663e-05        4.40259e-05        8.66628e-05        -5.80649e-06    
9.12    -1.88715e-05        4.25508e-05        8.38908e-05        -5.60676e-06    
9.14    -1.82012e-05        4.11246e-05        8.12065e-05        -5.41387e-06    
9.16    -1.75545e-05        3.97458e-05        7.86071e-05        -5.2276e-06    
9.18    -1.69305e-05        3.84129e-05        7.60899e-05        -5.04771e-06    
9.2    -1.63286e-05        3.71242e-05        7.36525e-05        -4.87399e-06    
9.22    -1.57479e-05        3.58784e-05        7.12922e-05        -4.70622e-06    
9.24    -1.51876e-05        3.46741e-05        6.90068e-05        -4.54421e-06    
9.26    -1.46471e-05        3.35098e-05        6.67939e-05        -4.38775e-06    
9.28    -1.41258e-05        3.23843e-05        6.46511e-05        -4.23667e-06    
9.3    -1.36228e-05        3.12963e-05        6.25764e-05        -4.09076e-06    
9.32    -1.31376e-05        3.02445e-05        6.05675e-05        -3.94987e-06    
9.34    -1.26695e-05        2.92278e-05        5.86225e-05        -3.81381e-06    
9.36    -1.2218e-05        2.8245e-05        5.67393e-05        -3.68242e-06    
9.38    -1.17825e-05        2.7295e-05        5.4916e-05        -3.55554e-06    
9.4    -1.13623e-05        2.63767e-05        5.31507e-05        -3.43303e-06    
9.42    -1.09571e-05        2.5489e-05        5.14415e-05        -3.31471e-06    
9.44    -1.05661e-05        2.4631e-05        4.97868e-05        -3.20047e-06    
9.46    -1.01891e-05        2.38016e-05        4.81848e-05        -3.09015e-06    
9.48    -9.82535e-06        2.3e-05        4.66338e-05        -2.98362e-06    
9.5    -9.47453e-06        2.22251e-05        4.51323e-05        -2.88075e-06    
9.52    -9.13614e-06        2.14762e-05        4.36787e-05        -2.78141e-06    
9.54    -8.80975e-06        2.07523e-05        4.22714e-05        -2.6855e-06    
9.56    -8.49494e-06        2.00526e-05        4.09091e-05        -2.59288e-06    
9.58    -8.19131e-06        1.93764e-05        3.95903e-05        -2.50344e-06    
9.6    -7.89845e-06        1.87228e-05        3.83136e-05        -2.41709e-06    
9.62    -7.61599e-06        1.80911e-05        3.70777e-05        -2.3337e-06    
9.64    -7.34356e-06        1.74805e-05        3.58813e-05        -2.25318e-06    
9.66    -7.08081e-06        1.68904e-05        3.47232e-05        -2.17543e-06    
9.68    -6.82741e-06        1.63201e-05        3.36021e-05        -2.10036e-06    
9.7    -6.58301e-06        1.5769e-05        3.25169e-05        -2.02787e-06    
9.72    -6.3473e-06        1.52363e-05        3.14665e-05        -1.95788e-06    
9.74    -6.11998e-06        1.47215e-05        3.04497e-05        -1.89029e-06    
9.76    -5.90075e-06        1.4224e-05        2.94654e-05        -1.82504e-06    
9.78    -5.68932e-06        1.37431e-05        2.85128e-05        -1.76203e-06    
9.8    -5.48542e-06        1.32785e-05        2.75906e-05        -1.70119e-06    
9.82    -5.28878e-06        1.28294e-05        2.66981e-05        -1.64245e-06    
9.84    -5.09915e-06        1.23954e-05        2.58342e-05        -1.58573e-06    
9.86    -4.91627e-06        1.19761e-05        2.4998e-05        -1.53096e-06    
9.88    -4.73991e-06        1.15708e-05        2.41887e-05        -1.47808e-06    
9.9    -4.56985e-06        1.11791e-05        2.34054e-05        -1.42702e-06    
9.92    -4.40584e-06        1.08007e-05        2.26472e-05        -1.37773e-06    
9.94    -4.24769e-06        1.04349e-05        2.19134e-05        -1.33013e-06    
9.96    -4.09519e-06        1.00815e-05        2.12032e-05        -1.28417e-06    
9.98    -3.94812e-06        9.73998e-06        2.05159e-05        -1.2398e-06    
10    -3.80631e-06        9.40996e-06        1.98506e-05        -1.19696e-06    
10.02    -3.66956e-06        9.09106e-06        1.92068e-05        -1.15559e-06    
10.04    -3.5377e-06        8.78291e-06        1.85837e-05        -1.11565e-06    
10.06    -3.41055e-06        8.48514e-06        1.79807e-05        -1.07709e-06    
10.08    -3.28794e-06        8.19741e-06        1.73971e-05        -1.03986e-06    
10.1    -3.16972e-06        7.91938e-06        1.68322e-05        -1.00392e-06    
10.12    -3.05572e-06        7.65074e-06        1.62857e-05        -9.6921e-07    
10.14    -2.9458e-06        7.39115e-06        1.57567e-05        -9.35701e-07    
10.16    -2.83982e-06        7.14033e-06        1.52448e-05        -9.03348e-07    
10.18    -2.73763e-06        6.89797e-06        1.47494e-05        -8.72113e-07    
10.2    -2.63909e-06        6.6638e-06        1.427e-05        -8.41955e-07    
10.22    -2.54409e-06        6.43753e-06        1.3806e-05        -8.12838e-07    
10.24    -2.45248e-06        6.21891e-06        1.33571e-05        -7.84726e-07    
10.26    -2.36416e-06        6.00768e-06        1.29227e-05        -7.57585e-07    
10.28    -2.279e-06        5.80358e-06        1.25022e-05        -7.31381e-07    
10.3    -2.1969e-06        5.60638e-06        1.20954e-05        -7.06082e-07    
10.32    -2.11773e-06        5.41585e-06        1.17018e-05        -6.81656e-07    
10.34    -2.04141e-06        5.23177e-06        1.13208e-05        -6.58074e-07    
10.36    -1.96782e-06        5.05391e-06        1.09522e-05        -6.35307e-07    
10.38    -1.89687e-06        4.88207e-06        1.05955e-05        -6.13326e-07    
10.4    -1.82847e-06        4.71604e-06        1.02504e-05        -5.92104e-07    
10.42    -1.76252e-06        4.55563e-06        9.91638e-06        -5.71615e-07    
10.44    -1.69894e-06        4.40065e-06        9.59322e-06        -5.51835e-07    
10.46    -1.63765e-06        4.25093e-06        9.28053e-06        -5.32737e-07    
10.48    -1.57855e-06        4.10627e-06        8.97797e-06        -5.143e-07    
10.5    -1.52158e-06        3.96651e-06        8.68521e-06        -4.965e-07    
10.52    -1.46665e-06        3.83149e-06        8.40194e-06        -4.79315e-07    
10.54    -1.4137e-06        3.70104e-06        8.12786e-06        -4.62724e-07    
10.56    -1.36265e-06        3.57502e-06        7.86266e-06        -4.46706e-07    
10.58    -1.31343e-06        3.45327e-06        7.60607e-06        -4.31243e-07    
10.6    -1.26599e-06        3.33564e-06        7.3578e-06        -4.16313e-07    
10.62    -1.22025e-06        3.22201e-06        7.11759e-06        -4.019e-07    
10.64    -1.17615e-06        3.11223e-06        6.88518e-06        -3.87986e-07    
10.66    -1.13365e-06        3.00618e-06        6.66032e-06        -3.74552e-07    
10.68    -1.09267e-06        2.90372e-06        6.44276e-06        -3.61583e-07    
10.7    -1.05317e-06        2.80474e-06        6.23226e-06        -3.49062e-07    
10.72    -1.01508e-06        2.70912e-06        6.02861e-06        -3.36975e-07    
10.74    -9.78375e-07        2.61675e-06        5.83157e-06        -3.25305e-07    
10.76    -9.42987e-07        2.52752e-06        5.64094e-06        -3.14039e-07    
10.78    -9.08873e-07        2.44132e-06        5.45651e-06        -3.03163e-07    
10.8    -8.75989e-07        2.35804e-06        5.27807e-06        -2.92663e-07    
10.82    -8.4429e-07        2.2776e-06        5.10544e-06        -2.82527e-07    
10.84    -8.13733e-07        2.19988e-06        4.93843e-06        -2.72741e-07    
10.86    -7.84277e-07        2.12481e-06        4.77685e-06        -2.63293e-07    
10.88    -7.55884e-07        2.0523e-06        4.62053e-06        -2.54173e-07    
10.9    -7.28514e-07        1.98224e-06        4.4693e-06        -2.45368e-07    
10.92    -7.02132e-07        1.91457e-06        4.323e-06        -2.36868e-07    
10.94    -6.76701e-07        1.84921e-06        4.18146e-06        -2.28662e-07    
10.96    -6.52187e-07        1.78606e-06        4.04453e-06        -2.20739e-07    
10.98    -6.28559e-07        1.72506e-06        3.91207e-06        -2.13092e-07    
11    -6.05783e-07        1.66614e-06        3.78392e-06        -2.05708e-07    
11.02    -5.83829e-07        1.60923e-06        3.65995e-06        -1.98581e-07    
11.04    -5.62668e-07        1.55425e-06        3.54002e-06        -1.917e-07    
11.06    -5.4227e-07        1.50115e-06        3.424e-06        -1.85057e-07    
11.08    -5.2261e-07        1.44985e-06        3.31177e-06        -1.78645e-07    
11.1    -5.0366e-07        1.4003e-06        3.20319e-06        -1.72454e-07    
11.12    -4.85394e-07        1.35243e-06        3.09816e-06        -1.66478e-07    
11.14    -4.67788e-07        1.3062e-06        2.99656e-06        -1.60708e-07    
11.16    -4.50819e-07        1.26154e-06        2.89828e-06        -1.55139e-07    
11.18    -4.34463e-07        1.21841e-06        2.8032e-06        -1.49762e-07    
11.2    -4.18698e-07        1.17674e-06        2.71123e-06        -1.44571e-07    
11.22    -4.03503e-07        1.1365e-06        2.62227e-06        -1.3956e-07    
11.24    -3.88858e-07        1.09763e-06        2.53621e-06        -1.34723e-07    
11.26    -3.74743e-07        1.06008e-06        2.45296e-06        -1.30053e-07    
11.28    -3.61138e-07        1.02381e-06        2.37243e-06        -1.25545e-07    
11.3    -3.48025e-07        9.8878e-07        2.29453e-06        -1.21194e-07    
11.32    -3.35387e-07        9.54945e-07        2.21919e-06        -1.16992e-07    
11.34    -3.23206e-07        9.22264e-07        2.1463e-06        -1.12937e-07    
11.36    -3.11466e-07        8.90698e-07        2.0758e-06        -1.09022e-07    
11.38    -3.00151e-07        8.60209e-07        2.0076e-06        -1.05242e-07    
11.4    -2.89246e-07        8.3076e-07        1.94164e-06        -1.01594e-07    
11.42    -2.78736e-07        8.02317e-07        1.87783e-06        -9.80714e-08    
11.44    -2.68606e-07        7.74845e-07        1.81612e-06        -9.46713e-08    
11.46    -2.58844e-07        7.48311e-07        1.75642e-06        -9.1389e-08    
11.48    -2.49435e-07        7.22682e-07        1.69867e-06        -8.82204e-08    
11.5    -2.40367e-07        6.9793e-07        1.64282e-06        -8.51616e-08    
11.52    -2.31627e-07        6.74022e-07        1.5888e-06        -8.22088e-08    
11.54    -2.23204e-07        6.50931e-07        1.53654e-06        -7.93583e-08    
11.56    -2.15087e-07        6.28629e-07        1.486e-06        -7.66065e-08    
11.58    -2.07264e-07        6.07089e-07        1.43712e-06        -7.39502e-08    
11.6    -1.99725e-07        5.86285e-07        1.38983e-06        -7.13859e-08    
11.62    -1.92459e-07        5.66193e-07        1.3441e-06        -6.89105e-08    
11.64    -1.85456e-07        5.46786e-07        1.29986e-06        -6.65208e-08    
11.66    -1.78708e-07        5.28044e-07        1.25708e-06        -6.4214e-08    
11.68    -1.72204e-07        5.09942e-07        1.2157e-06        -6.19871e-08    
11.7    -1.65936e-07        4.92459e-07        1.17567e-06        -5.98375e-08    
11.72    -1.59896e-07        4.75574e-07        1.13696e-06        -5.77623e-08    
11.74    -1.54075e-07        4.59266e-07        1.09952e-06        -5.57591e-08    
11.76    -1.48465e-07        4.43516e-07        1.06331e-06        -5.38253e-08    
11.78    -1.43059e-07        4.28305e-07        1.02828e-06        -5.19585e-08    
11.8    -1.3785e-07        4.13614e-07        9.94405e-07        -5.01565e-08    
11.82    -1.32829e-07        3.99426e-07        9.61642e-07        -4.84169e-08    
11.84    -1.27991e-07        3.85724e-07        9.29954e-07        -4.67376e-08    
11.86    -1.23328e-07        3.7249e-07        8.99307e-07        -4.51166e-08    
11.88    -1.18835e-07        3.5971e-07        8.69666e-07        -4.35517e-08    
11.9    -1.14505e-07        3.47366e-07        8.40999e-07        -4.20411e-08    
11.92    -1.10333e-07        3.35446e-07        8.13274e-07        -4.05829e-08    
11.94    -1.06312e-07        3.23933e-07        7.86459e-07        -3.91753e-08    
11.96    -1.02437e-07        3.12815e-07        7.60526e-07        -3.78164e-08    
11.98    -9.8703e-08        3.02078e-07        7.35444e-07        -3.65047e-08    
12    -9.51047e-08        2.91708e-07        7.11188e-07        -3.52384e-08    
