0.4   0.921361      -0.121373      0.838708      0.944407   
0.42   0.915525      -0.128967      0.823608      0.939016   
0.44   0.909673      -0.136683      0.808022      0.933418   
0.46   0.903817      -0.144513      0.791979      0.927619   
0.48   0.897966      -0.152446      0.775505      0.921625   
0.5   0.892129      -0.160472      0.758629      0.915444   
0.52   0.886312      -0.168579      0.741379      0.909082   
0.54   0.880523      -0.176757      0.723782      0.902546   
0.56   0.874764      -0.184994      0.705864      0.895843   
0.58   0.869039      -0.193277      0.687653      0.888979   
0.6   0.863352      -0.201596      0.669175      0.881961   
0.62   0.857702      -0.209938      0.650456      0.874795   
0.64   0.852092      -0.218291      0.631522      0.867489   
0.66   0.846521      -0.226644      0.612398      0.860049   
0.68   0.840989      -0.234985      0.593108      0.852482   
0.7   0.835494      -0.243302      0.573676      0.844794   
0.72   0.830036      -0.251585      0.554127      0.836992   
0.74   0.824612      -0.259821      0.534483      0.829082   
0.76   0.81922      -0.268001      0.514767      0.82107   
0.78   0.813858      -0.276114      0.495      0.812963   
0.8   0.808523      -0.28415      0.475203      0.804766   
0.82   0.803212      -0.292098      0.455398      0.796486   
0.84   0.797922      -0.29995      0.435603      0.78813   
0.86   0.79265      -0.307696      0.415839      0.779701   
0.88   0.787393      -0.315328      0.396123      0.771208   
0.9   0.782147      -0.322837      0.376475      0.762654   
0.92   0.77691      -0.330215      0.356911      0.754046   
0.94   0.771678      -0.337454      0.337448      0.745389   
0.96   0.766449      -0.344548      0.318101      0.736688   
0.98   0.761219      -0.351489      0.298888      0.72795   
1   0.755985      -0.358271      0.279821      0.719177   
1.02   0.750745      -0.364889      0.260916      0.710377   
1.04   0.745496      -0.371337      0.242186      0.701553   
1.06   0.740236      -0.377608      0.223644      0.692711   
1.08   0.734961      -0.3837      0.205302      0.683854   
1.1   0.72967      -0.389606      0.187172      0.674988   
1.12   0.724361      -0.395324      0.169264      0.666117   
1.14   0.719031      -0.40085      0.15159      0.657245   
1.16   0.71368      -0.406179      0.134159      0.648376   
1.18   0.708304      -0.41131      0.11698      0.639514   
1.2   0.702904      -0.41624      0.100063      0.630664   
1.22   0.697477      -0.420966      0.0834153      0.621829   
1.24   0.692022      -0.425487      0.0670448      0.613012   
1.26   0.686539      -0.429801      0.0509588      0.604218   
1.28   0.681026      -0.433907      0.0351637      0.59545   
1.3   0.675483      -0.437803      0.0196657      0.58671   
1.32   0.66991      -0.44149      0.00447046      0.578003   
1.34   0.664306      -0.444966      -0.0104169      0.569332   
1.36   0.65867      -0.448232      -0.0249916      0.560698   
1.38   0.653004      -0.451288      -0.0392496      0.552106   
1.4   0.647306      -0.454133      -0.053187      0.543558   
1.42   0.641578      -0.45677      -0.0668006      0.535057   
1.44   0.635818      -0.459198      -0.0800873      0.526606   
1.46   0.630029      -0.46142      -0.0930447      0.518206   
1.48   0.62421      -0.463435      -0.105671      0.50986   
1.5   0.618361      -0.465246      -0.117964      0.50157   
1.52   0.612485      -0.466854      -0.129922      0.49334   
1.54   0.606581      -0.468262      -0.141545      0.485169   
1.56   0.600651      -0.469471      -0.152832      0.477062   
1.58   0.594695      -0.470483      -0.163783      0.469019   
1.6   0.588716      -0.471302      -0.174397      0.461042   
1.62   0.582713      -0.471929      -0.184676      0.453133   
1.64   0.576688      -0.472367      -0.194619      0.445294   
1.66   0.570643      -0.472619      -0.204228      0.437526   
1.68   0.564578      -0.472688      -0.213504      0.429831   
1.7   0.558496      -0.472578      -0.222449      0.422209   
1.72   0.552398      -0.47229      -0.231064      0.414663   
1.74   0.546285      -0.471829      -0.239352      0.407193   
1.76   0.540159      -0.471197      -0.247314      0.3998   
1.78   0.534021      -0.470399      -0.254953      0.392486   
1.8   0.527874      -0.469438      -0.262273      0.385251   
1.82   0.521718      -0.468317      -0.269275      0.378097   
1.84   0.515556      -0.467039      -0.275964      0.371023   
1.86   0.509389      -0.46561      -0.282342      0.364032   
1.88   0.503219      -0.464031      -0.288413      0.357123   
1.9   0.497048      -0.462308      -0.294181      0.350297   
1.92   0.490877      -0.460444      -0.29965      0.343555   
1.94   0.484708      -0.458443      -0.304823      0.336897   
1.96   0.478544      -0.456309      -0.309705      0.330324   
1.98   0.472384      -0.454045      -0.314301      0.323836   
2   0.466233      -0.451656      -0.318613      0.317433   
2.02   0.46009      -0.449145      -0.322648      0.311115   
2.04   0.453958      -0.446517      -0.32641      0.304883   
2.06   0.447839      -0.443775      -0.329904      0.298737   
2.08   0.441734      -0.440923      -0.333134      0.292676   
2.1   0.435645      -0.437966      -0.336105      0.286702   
2.12   0.429573      -0.434908      -0.338823      0.280813   
2.14   0.423521      -0.431751      -0.341292      0.275011   
2.16   0.41749      -0.4285      -0.343519      0.269294   
2.18   0.411481      -0.42516      -0.345507      0.263662   
2.2   0.405496      -0.421733      -0.347262      0.258116   
2.22   0.399536      -0.418224      -0.34879      0.252655   
2.24   0.393604      -0.414637      -0.350096      0.247279   
2.26   0.3877      -0.410974      -0.351186      0.241988   
2.28   0.381827      -0.407241      -0.352064      0.23678   
2.3   0.375984      -0.40344      -0.352736      0.231657   
2.32   0.370175      -0.399575      -0.353208      0.226617   
2.34   0.3644      -0.395651      -0.353484      0.22166   
2.36   0.35866      -0.39167      -0.353572      0.216785   
2.38   0.352957      -0.387635      -0.353475      0.211993   
2.4   0.347292      -0.383551      -0.3532      0.207281   
2.42   0.341666      -0.379422      -0.352751      0.202651   
2.44   0.336081      -0.375249      -0.352135      0.198101   
2.46   0.330537      -0.371036      -0.351356      0.193631   
2.48   0.325035      -0.366788      -0.350419      0.189239   
2.5   0.319578      -0.362506      -0.349332      0.184926   
2.52   0.314165      -0.358194      -0.348097      0.180691   
2.54   0.308797      -0.353856      -0.346721      0.176532   
2.56   0.303477      -0.349493      -0.345209      0.17245   
2.58   0.298203      -0.34511      -0.343566      0.168444   
2.6   0.292978      -0.340708      -0.341797      0.164512   
2.62   0.287802      -0.336292      -0.339906      0.160654   
2.64   0.282676      -0.331862      -0.3379      0.15687   
2.66   0.277601      -0.327423      -0.335783      0.153157   
2.68   0.272577      -0.322976      -0.333559      0.149517   
2.7   0.267605      -0.318525      -0.331234      0.145947   
2.72   0.262686      -0.314071      -0.328812      0.142447   
2.74   0.25782      -0.309618      -0.326297      0.139016   
2.76   0.253007      -0.305167      -0.323695      0.135654   
2.78   0.248249      -0.300721      -0.321009      0.132359   
2.8   0.243546      -0.296282      -0.318245      0.12913   
2.82   0.238897      -0.291852      -0.315406      0.125968   
2.84   0.234304      -0.287433      -0.312497      0.122869   
2.86   0.229767      -0.283027      -0.309521      0.119835   
2.88   0.225286      -0.278636      -0.306483      0.116864   
2.9   0.220862      -0.274263      -0.303387      0.113955   
2.92   0.216494      -0.269908      -0.300237      0.111107   
2.94   0.212183      -0.265574      -0.297036      0.10832   
2.96   0.207929      -0.261262      -0.293788      0.105592   
2.98   0.203733      -0.256973      -0.290497      0.102923   
3   0.199594      -0.25271      -0.287166      0.100311   
3.02   0.195512      -0.248474      -0.283799      0.0977561   
3.04   0.191488      -0.244266      -0.280399      0.095257   
3.06   0.187521      -0.240088      -0.276969      0.092813   
3.08   0.183611      -0.23594      -0.273513      0.090423   
3.1   0.179759      -0.231825      -0.270033      0.0880862   
3.12   0.175965      -0.227742      -0.266533      0.0858018   
3.14   0.172227      -0.223695      -0.263016      0.0835688   
3.16   0.168547      -0.219682      -0.259484      0.0813864   
3.18   0.164924      -0.215706      -0.25594      0.0792537   
3.2   0.161358      -0.211768      -0.252386      0.0771699   
3.22   0.157848      -0.207867      -0.248826      0.075134   
3.24   0.154394      -0.204006      -0.245262      0.0731452   
3.26   0.150997      -0.200185      -0.241695      0.0712027   
3.28   0.147656      -0.196404      -0.238129      0.0693057   
3.3   0.14437      -0.192665      -0.234566      0.0674533   
3.32   0.141139      -0.188967      -0.231007      0.0656446   
3.34   0.137963      -0.185312      -0.227455      0.0638789   
3.36   0.134842      -0.1817      -0.223912      0.0621553   
3.38   0.131775      -0.178131      -0.22038      0.060473   
3.4   0.128762      -0.174606      -0.21686      0.0588313   
3.42   0.125803      -0.171126      -0.213354      0.0572294   
3.44   0.122896      -0.16769      -0.209865      0.0556663   
3.46   0.120042      -0.164299      -0.206392      0.0541415   
3.48   0.11724      -0.160954      -0.202939      0.0526541   
3.5   0.11449      -0.157654      -0.199507      0.0512034   
3.52   0.11179      -0.154399      -0.196096      0.0497886   
3.54   0.109142      -0.151191      -0.192708      0.048409   
3.56   0.106544      -0.148028      -0.189345      0.0470639   
3.58   0.103995      -0.144912      -0.186008      0.0457525   
3.6   0.101495      -0.141841      -0.182697      0.0444742   
3.62   0.0990444      -0.138817      -0.179414      0.0432282   
3.64   0.0966415      -0.135839      -0.17616      0.0420138   
3.66   0.0942861      -0.132907      -0.172935      0.0408304   
3.68   0.0919777      -0.130021      -0.169741      0.0396774   
3.7   0.0897157      -0.127181      -0.166579      0.0385539   
3.72   0.0874994      -0.124387      -0.163449      0.0374595   
3.74   0.0853285      -0.121638      -0.160351      0.0363934   
3.76   0.0832021      -0.118935      -0.157287      0.0353551   
3.78   0.0811199      -0.116277      -0.154258      0.0343438   
3.8   0.0790811      -0.113664      -0.151263      0.0333591   
3.82   0.0770851      -0.111096      -0.148304      0.0324002   
3.84   0.0751315      -0.108573      -0.14538      0.0314667   
3.86   0.0732195      -0.106093      -0.142492      0.0305579   
3.88   0.0713486      -0.103658      -0.139641      0.0296732   
3.9   0.0695182      -0.101267      -0.136827      0.0288122   
3.92   0.0677276      -0.0989184      -0.13405      0.0279742   
3.94   0.0659763      -0.0966132      -0.13131      0.0271587   
3.96   0.0642636      -0.0943505      -0.128608      0.0263652   
3.98   0.0625889      -0.0921302      -0.125944      0.0255932   
4   0.0609517      -0.0899517      -0.123318      0.0248421   
4.02   0.0593513      -0.0878146      -0.12073      0.0241114   
4.04   0.0577871      -0.0857186      -0.11818      0.0234007   
4.06   0.0562585      -0.0836632      -0.115668      0.0227094   
4.08   0.0547649      -0.0816479      -0.113195      0.0220372   
4.1   0.0533058      -0.0796724      -0.11076      0.0213835   
4.12   0.0518804      -0.0777362      -0.108363      0.0207478   
4.14   0.0504883      -0.0758387      -0.106004      0.0201298   
4.16   0.0491288      -0.0739797      -0.103684      0.019529   
4.18   0.0478014      -0.0721584      -0.101401      0.018945   
4.2   0.0465054      -0.0703746      -0.0991566      0.0183772   
4.22   0.0452403      -0.0686277      -0.0969495      0.0178254   
4.24   0.0440055      -0.0669172      -0.09478      0.0172892   
4.26   0.0428005      -0.0652426      -0.0926479      0.0167681   
4.28   0.0416246      -0.0636034      -0.0905528      0.0162617   
4.3   0.0404773      -0.0619991      -0.0884947      0.0157697   
4.32   0.0393581      -0.0604292      -0.0864731      0.0152917   
4.34   0.0382664      -0.0588933      -0.084488      0.0148273   
4.36   0.0372017      -0.0573907      -0.0825389      0.0143762   
4.38   0.0361634      -0.055921      -0.0806257      0.013938   
4.4   0.0351511      -0.0544837      -0.0787479      0.0135125   
4.42   0.034164      -0.0530782      -0.0769054      0.0130992   
4.44   0.0332019      -0.0517041      -0.0750977      0.0126979   
4.46   0.0322641      -0.0503608      -0.0733244      0.0123081   
4.48   0.0313501      -0.0490478      -0.0715854      0.0119298   
4.5   0.0304594      -0.0477647      -0.0698801      0.0115624   
4.52   0.0295916      -0.0465109      -0.0682083      0.0112057   
4.54   0.0287461      -0.0452859      -0.0665695      0.0108595   
4.56   0.0279224      -0.0440892      -0.0649634      0.0105234   
4.58   0.0271202      -0.0429203      -0.0633896      0.0101972   
4.6   0.0263389      -0.0417787      -0.0618476      0.00988067   
4.62   0.0255781      -0.0406639      -0.0603371      0.00957344   
4.64   0.0248372      -0.0395755      -0.0588577      0.0092753   
4.66   0.0241159      -0.0385129      -0.0574089      0.008986   
4.68   0.0234138      -0.0374756      -0.0559904      0.0087053   
4.7   0.0227303      -0.0364632      -0.0546016      0.00843297   
4.72   0.0220651      -0.0354752      -0.0532423      0.00816876   
4.74   0.0214177      -0.0345111      -0.0519119      0.00791246   
4.76   0.0207877      -0.0335705      -0.0506101      0.00766384   
4.78   0.0201748      -0.0326529      -0.0493364      0.00742269   
4.8   0.0195785      -0.0317578      -0.0480904      0.0071888   
4.82   0.0189984      -0.0308848      -0.0468716      0.00696197   
4.84   0.0184341      -0.0300335      -0.0456796      0.00674198   
4.86   0.0178853      -0.0292033      -0.0445141      0.00652867   
4.88   0.0173517      -0.0283939      -0.0433745      0.00632182   
4.9   0.0168327      -0.0276048      -0.0422604      0.00612126   
4.92   0.0163281      -0.0268357      -0.0411714      0.00592681   
4.94   0.0158376      -0.026086      -0.0401071      0.00573829   
4.96   0.0153607      -0.0253554      -0.0390671      0.00555553   
4.98   0.0148972      -0.0246434      -0.0380509      0.00537837   
5   0.0144466      -0.0239497      -0.037058      0.00520665   
5.02   0.0140088      -0.0232738      -0.0360882      0.0050402   
5.04   0.0135833      -0.0226154      -0.035141      0.00487888   
5.06   0.0131699      -0.0219741      -0.0342158      0.00472254   
5.08   0.0127682      -0.0213495      -0.0333125      0.00457102   
5.1   0.012378      -0.0207412      -0.0324305      0.0044242   
5.12   0.0119989      -0.0201488      -0.0315694      0.00428192   
5.14   0.0116307      -0.019572      -0.0307288      0.00414406   
5.16   0.0112731      -0.0190105      -0.0299084      0.00401049   
5.18   0.0109258      -0.0184639      -0.0291078      0.00388108   
5.2   0.0105885      -0.0179318      -0.0283264      0.00375571   
5.22   0.0102611      -0.0174139      -0.0275641      0.00363426   
5.24   0.00994312      -0.0169099      -0.0268204      0.00351661   
5.26   0.00963445      -0.0164194      -0.0260948      0.00340264   
5.28   0.0093348      -0.0159421      -0.0253871      0.00329226   
5.3   0.00904394      -0.0154778      -0.0246969      0.00318534   
5.32   0.00876163      -0.015026      -0.0240238      0.00308179   
5.34   0.00848765      -0.0145866      -0.0233675      0.0029815   
5.36   0.00822176      -0.0141591      -0.0227275      0.00288439   
5.38   0.00796375      -0.0137434      -0.0221037      0.00279034   
5.4   0.0077134      -0.013339      -0.0214955      0.00269927   
5.42   0.00747051      -0.0129458      -0.0209027      0.00261109   
5.44   0.00723487      -0.0125635      -0.0203249      0.00252571   
5.46   0.00700628      -0.0121917      -0.0197619      0.00244304   
5.48   0.00678454      -0.0118303      -0.0192132      0.00236301   
5.5   0.00656947      -0.011479      -0.0186787      0.00228552   
5.52   0.00636089      -0.0111374      -0.0181578      0.00221051   
5.54   0.0061586      -0.0108055      -0.0176504      0.0021379   
5.56   0.00596244      -0.0104828      -0.0171562      0.00206761   
5.58   0.00577223      -0.0101693      -0.0166748      0.00199958   
5.6   0.0055878      -0.00986459      -0.016206      0.00193372   
5.62   0.00540899      -0.00956852      -0.0157494      0.00186999   
5.64   0.00523565      -0.00928085      -0.0153048      0.0018083   
5.66   0.00506761      -0.00900136      -0.014872      0.0017486   
5.68   0.00490472      -0.00872985      -0.0144505      0.00169082   
5.7   0.00474684      -0.0084661      -0.0140402      0.00163491   
5.72   0.00459382      -0.00820991      -0.0136408      0.0015808   
5.74   0.00444553      -0.00796108      -0.0132521      0.00152844   
5.76   0.00430182      -0.00771941      -0.0128737      0.00147778   
5.78   0.00416256      -0.00748472      -0.0125055      0.00142876   
5.8   0.00402763      -0.00725682      -0.0121472      0.00138133   
5.82   0.00389689      -0.00703553      -0.0117985      0.00133544   
5.84   0.00377023      -0.00682066      -0.0114592      0.00129105   
5.86   0.00364752      -0.00661205      -0.0111292      0.0012481   
5.88   0.00352865      -0.00640953      -0.0108081      0.00120655   
5.9   0.0034135      -0.00621293      -0.0104957      0.00116635   
5.92   0.00330197      -0.0060221      -0.0101919      0.00112747   
5.94   0.00319395      -0.00583686      -0.00989635      0.00108986   
5.96   0.00308933      -0.00565708      -0.00960894      0.00105347   
5.98   0.00298801      -0.0054826      -0.00932943      0.00101828   
6   0.0028899      -0.00531327      -0.00905763      0.000984246   
6.02   0.00279489      -0.00514896      -0.00879334      0.000951326   
6.04   0.0027029      -0.00498951      -0.00853637      0.000919486   
6.06   0.00261383      -0.00483481      -0.00828654      0.000888693   
6.08   0.00252759      -0.00468471      -0.00804365      0.000858912   
6.1   0.0024441      -0.00453909      -0.00780754      0.000830112   
6.12   0.00236328      -0.00439782      -0.00757803      0.000802262   
6.14   0.00228505      -0.00426077      -0.00735494      0.000775329   
6.16   0.00220932      -0.00412784      -0.00713812      0.000749286   
6.18   0.00213602      -0.0039989      -0.0069274      0.000724103   
6.2   0.00206507      -0.00387384      -0.00672261      0.000699753   
6.22   0.00199641      -0.00375255      -0.00652361      0.000676208   
6.24   0.00192996      -0.00363492      -0.00633024      0.000653443   
6.26   0.00186565      -0.00352084      -0.00614236      0.000631433   
6.28   0.00180343      -0.00341023      -0.00595981      0.000610152   
6.3   0.00174321      -0.00330297      -0.00578246      0.000589578   
6.32   0.00168495      -0.00319897      -0.00561017      0.000569687   
6.34   0.00162858      -0.00309813      -0.0054428      0.000550458   
6.36   0.00157404      -0.00300037      -0.00528023      0.000531868   
6.38   0.00152128      -0.00290559      -0.00512231      0.000513897   
6.4   0.00147023      -0.00281371      -0.00496894      0.000496524   
6.42   0.00142085      -0.00272465      -0.00481998      0.000479731   
6.44   0.00137309      -0.00263831      -0.00467531      0.000463498   
6.46   0.00132688      -0.00255463      -0.00453482      0.000447807   
6.48   0.0012822      -0.00247352      -0.0043984      0.00043264   
6.5   0.00123897      -0.00239491      -0.00426593      0.00041798   
6.52   0.00119717      -0.00231873      -0.00413731      0.000403811   
6.54   0.00115674      -0.00224489      -0.00401243      0.000390115   
6.56   0.00111764      -0.00217334      -0.00389118      0.000376879   
6.58   0.00107983      -0.00210401      -0.00377347      0.000364086   
6.6   0.00104327      -0.00203683      -0.00365921      0.000351721   
6.62   0.00100791      -0.00197173      -0.00354828      0.000339772   
6.64   0.000973728      -0.00190865      -0.00344061      0.000328224   
6.66   0.000940675      -0.00184754      -0.00333609      0.000317064   
6.68   0.000908718      -0.00178834      -0.00323465      0.000306279   
6.7   0.000877822      -0.00173098      -0.00313619      0.000295857   
6.72   0.000847952      -0.00167541      -0.00304064      0.000285785   
6.74   0.000819076      -0.00162158      -0.00294791      0.000276053   
6.76   0.000791161      -0.00156944      -0.00285792      0.000266648   
6.78   0.000764176      -0.00151894      -0.00277059      0.000257561   
6.8   0.000738092      -0.00147001      -0.00268585      0.00024878   
6.82   0.000712879      -0.00142263      -0.00260363      0.000240295   
6.84   0.00068851      -0.00137674      -0.00252385      0.000232097   
6.86   0.000664956      -0.00133229      -0.00244645      0.000224175   
6.88   0.000642191      -0.00128924      -0.00237135      0.000216521   
6.9   0.000620189      -0.00124756      -0.0022985      0.000209126   
6.92   0.000598926      -0.00120719      -0.00222782      0.000201982   
6.94   0.000578378      -0.00116809      -0.00215925      0.000195079   
6.96   0.00055852      -0.00113024      -0.00209274      0.000188409   
6.98   0.000539332      -0.00109359      -0.00202822      0.000181966   
7   0.000520789      -0.00105809      -0.00196564      0.000175741   
7.02   0.000502872      -0.00102373      -0.00190494      0.000169727   
7.04   0.00048556      -0.000990459      -0.00184607      0.000163917   
7.06   0.000468833      -0.000958247      -0.00178897      0.000158304   
7.08   0.000452672      -0.000927061      -0.0017336      0.000152882   
7.1   0.000437057      -0.000896869      -0.0016799      0.000147644   
7.12   0.000421972      -0.000867641      -0.00162781      0.000142584   
7.14   0.000407398      -0.000839347      -0.00157731      0.000137696   
7.16   0.000393319      -0.000811958      -0.00152834      0.000132975   
7.18   0.000379718      -0.000785445      -0.00148085      0.000128413   
7.2   0.000366579      -0.000759781      -0.0014348      0.000124008   
7.22   0.000353887      -0.000734941      -0.00139015      0.000119752   
7.24   0.000341627      -0.000710897      -0.00134686      0.000115641   
7.26   0.000329785      -0.000687626      -0.00130489      0.00011167   
7.28   0.000318347      -0.000665103      -0.0012642      0.000107834   
7.3   0.000307299      -0.000643305      -0.00122475      0.00010413   
7.32   0.000296628      -0.000622208      -0.00118651      0.000100551   
7.34   0.000286322      -0.000601792      -0.00114943      9.70953e-05   
7.36   0.000276369      -0.000582033      -0.00111349      9.3757e-05   
7.38   0.000266756      -0.000562913      -0.00107865      9.05328e-05   
7.4   0.000257473      -0.00054441      -0.00104487      8.74188e-05   
7.42   0.000248507      -0.000526505      -0.00101214      8.44111e-05   
7.44   0.00023985      -0.00050918      -0.000980408      8.15063e-05   
7.46   0.000231489      -0.000492416      -0.000949652      7.87007e-05   
7.48   0.000223416      -0.000476194      -0.000919843      7.59912e-05   
7.5   0.00021562      -0.000460499      -0.000890952      7.33744e-05   
7.52   0.000208093      -0.000445313      -0.000862951      7.08471e-05   
7.54   0.000200824      -0.00043062      -0.000835814      6.84064e-05   
7.56   0.000193806      -0.000416405      -0.000809514      6.60492e-05   
7.58   0.00018703      -0.000402652      -0.000784027      6.37728e-05   
7.6   0.000180487      -0.000389346      -0.000759329      6.15744e-05   
7.62   0.000174171      -0.000376474      -0.000735394      5.94514e-05   
7.64   0.000168072      -0.000364021      -0.000712201      5.74012e-05   
7.66   0.000162184      -0.000351974      -0.000689727      5.54213e-05   
7.68   0.0001565      -0.000340321      -0.000667949      5.35093e-05   
7.7   0.000151012      -0.000329048      -0.000646848      5.16629e-05   
7.72   0.000145715      -0.000318143      -0.000626402      4.98799e-05   
7.74   0.000140601      -0.000307594      -0.000606592      4.81581e-05   
7.76   0.000135664      -0.000297391      -0.000587398      4.64955e-05   
7.78   0.000130898      -0.000287522      -0.000568802      4.489e-05   
7.8   0.000126298      -0.000277975      -0.000550786      4.33396e-05   
7.82   0.000121858      -0.000268742      -0.00053333      4.18426e-05   
7.84   0.000117571      -0.000259812      -0.00051642      4.0397e-05   
7.86   0.000113434      -0.000251174      -0.000500037      3.90011e-05   
7.88   0.000109441      -0.00024282      -0.000484167      3.76532e-05   
7.9   0.000105587      -0.000234741      -0.000468792      3.63517e-05   
7.92   0.000101866      -0.000226927      -0.000453899      3.5095e-05   
7.94   9.82759e-05      -0.00021937      -0.000439472      3.38816e-05   
7.96   9.48105e-05      -0.000212062      -0.000425496      3.27099e-05   
7.98   9.14659e-05      -0.000204994      -0.000411959      3.15786e-05   
8   8.82381e-05      -0.00019816      -0.000398846      3.04862e-05   
8.02   8.51229e-05      -0.00019155      -0.000386145      2.94315e-05   
8.04   8.21166e-05      -0.000185159      -0.000373843      2.84131e-05   
8.06   7.92153e-05      -0.000178978      -0.000361928      2.74298e-05   
8.08   7.64154e-05      -0.000173001      -0.000350387      2.64804e-05   
8.1   7.37135e-05      -0.000167222      -0.000339209      2.55637e-05   
8.12   7.11062e-05      -0.000161634      -0.000328383      2.46787e-05   
8.14   6.85901e-05      -0.00015623      -0.000317898      2.38241e-05   
8.16   6.61622e-05      -0.000151005      -0.000307743      2.29991e-05   
8.18   6.38193e-05      -0.000145953      -0.000297909      2.22025e-05   
8.2   6.15587e-05      -0.000141069      -0.000288385      2.14334e-05   
8.22   5.93773e-05      -0.000136346      -0.000279162      2.06909e-05   
8.24   5.72725e-05      -0.00013178      -0.00027023      1.9974e-05   
8.26   5.52415e-05      -0.000127365      -0.00026158      1.92819e-05   
8.28   5.3282e-05      -0.000123096      -0.000253204      1.86136e-05   
8.3   5.13913e-05      -0.00011897      -0.000245093      1.79685e-05   
8.32   4.9567e-05      -0.00011498      -0.000237239      1.73456e-05   
8.34   4.7807e-05      -0.000111123      -0.000229633      1.67442e-05   
8.36   4.61088e-05      -0.000107393      -0.000222268      1.61637e-05   
8.38   4.44705e-05      -0.000103788      -0.000215137      1.56032e-05   
8.4   4.28898e-05      -0.000100303      -0.000208232      1.50621e-05   
8.42   4.13649e-05      -9.69339e-05      -0.000201547      1.45397e-05   
8.44   3.98936e-05      -9.36769e-05      -0.000195073      1.40353e-05   
8.46   3.84743e-05      -9.05283e-05      -0.000188805      1.35484e-05   
8.48   3.7105e-05      -8.74846e-05      -0.000182737      1.30784e-05   
8.5   3.57841e-05      -8.45423e-05      -0.000176861      1.26246e-05   
8.52   3.45098e-05      -8.16981e-05      -0.000171172      1.21865e-05   
8.54   3.32805e-05      -7.89488e-05      -0.000165665      1.17636e-05   
8.56   3.20946e-05      -7.62913e-05      -0.000160332      1.13553e-05   
8.58   3.09507e-05      -7.37224e-05      -0.00015517      1.09611e-05   
8.6   2.98472e-05      -7.12394e-05      -0.000150172      1.05806e-05   
8.62   2.87827e-05      -6.88393e-05      -0.000145334      1.02133e-05   
8.64   2.77559e-05      -6.65194e-05      -0.000140649      9.85866e-06   
8.66   2.67654e-05      -6.4277e-05      -0.000136115      9.51633e-06   
8.68   2.581e-05      -6.21097e-05      -0.000131725      9.18586e-06   
8.7   2.48885e-05      -6.00149e-05      -0.000127475      8.86684e-06   
8.72   2.39996e-05      -5.79901e-05      -0.000123361      8.55888e-06   
8.74   2.31422e-05      -5.60332e-05      -0.000119379      8.26158e-06   
8.76   2.23152e-05      -5.41418e-05      -0.000115524      7.97459e-06   
8.78   2.15176e-05      -5.23138e-05      -0.000111792      7.69754e-06   
8.8   2.07482e-05      -5.0547e-05      -0.00010818      7.4301e-06   
8.82   2.00062e-05      -4.88395e-05      -0.000104683      7.17194e-06   
8.84   1.92905e-05      -4.71892e-05      -0.000101299      6.92272e-06   
8.86   1.86003e-05      -4.55943e-05      -9.80225e-05      6.68215e-06   
8.88   1.79345e-05      -4.40529e-05      -9.48514e-05      6.44991e-06   
8.9   1.72925e-05      -4.25633e-05      -9.1782e-05      6.22574e-06   
8.92   1.66732e-05      -4.11237e-05      -8.8811e-05      6.00934e-06   
8.94   1.6076e-05      -3.97324e-05      -8.59354e-05      5.80045e-06   
8.96   1.55e-05      -3.83879e-05      -8.31521e-05      5.5988e-06   
8.98   1.49446e-05      -3.70886e-05      -8.04583e-05      5.40416e-06   
9   1.44089e-05      -3.5833e-05      -7.78509e-05      5.21626e-06   
9.02   1.38923e-05      -3.46196e-05      -7.53274e-05      5.03489e-06   
9.04   1.3394e-05      -3.3447e-05      -7.2885e-05      4.85982e-06   
9.06   1.29136e-05      -3.23139e-05      -7.05211e-05      4.69082e-06   
9.08   1.24502e-05      -3.12189e-05      -6.82334e-05      4.52768e-06   
9.1   1.20034e-05      -3.01608e-05      -6.60192e-05      4.37022e-06   
9.12   1.15725e-05      -2.91383e-05      -6.38763e-05      4.21822e-06   
9.14   1.1157e-05      -2.81503e-05      -6.18025e-05      4.07149e-06   
9.16   1.07564e-05      -2.71956e-05      -5.97955e-05      3.92987e-06   
9.18   1.037e-05      -2.62731e-05      -5.78531e-05      3.79316e-06   
9.2   9.99738e-06      -2.53817e-05      -5.59734e-05      3.6612e-06   
9.22   9.63811e-06      -2.45203e-05      -5.41543e-05      3.53383e-06   
9.24   9.29166e-06      -2.3688e-05      -5.23938e-05      3.41087e-06   
9.26   8.9576e-06      -2.28838e-05      -5.06902e-05      3.2922e-06   
9.28   8.63548e-06      -2.21067e-05      -4.90416e-05      3.17764e-06   
9.3   8.32487e-06      -2.13559e-05      -4.74462e-05      3.06707e-06   
9.32   8.02537e-06      -2.06304e-05      -4.59023e-05      2.96033e-06   
9.34   7.73659e-06      -1.99295e-05      -4.44084e-05      2.85731e-06   
9.36   7.45814e-06      -1.92522e-05      -4.29627e-05      2.75787e-06   
9.38   7.18965e-06      -1.85978e-05      -4.15637e-05      2.66188e-06   
9.4   6.93078e-06      -1.79656e-05      -4.021e-05      2.56924e-06   
9.42   6.68118e-06      -1.73547e-05      -3.89001e-05      2.47981e-06   
9.44   6.44052e-06      -1.67645e-05      -3.76326e-05      2.39349e-06   
9.46   6.20848e-06      -1.61942e-05      -3.64061e-05      2.31017e-06   
9.48   5.98475e-06      -1.56433e-05      -3.52193e-05      2.22975e-06   
9.5   5.76905e-06      -1.5111e-05      -3.40709e-05      2.15212e-06   
9.52   5.56108e-06      -1.45967e-05      -3.29598e-05      2.0772e-06   
9.54   5.36057e-06      -1.40998e-05      -3.18846e-05      2.00488e-06   
9.56   5.16725e-06      -1.36198e-05      -3.08443e-05      1.93507e-06   
9.58   4.98086e-06      -1.3156e-05      -2.98378e-05      1.8677e-06   
9.6   4.80117e-06      -1.27079e-05      -2.88638e-05      1.80266e-06   
9.62   4.62792e-06      -1.22751e-05      -2.79215e-05      1.73989e-06   
9.64   4.4609e-06      -1.18569e-05      -2.70097e-05      1.67931e-06   
9.66   4.29987e-06      -1.14528e-05      -2.61276e-05      1.62083e-06   
9.68   4.14463e-06      -1.10625e-05      -2.52741e-05      1.56438e-06   
9.7   3.99497e-06      -1.06855e-05      -2.44482e-05      1.5099e-06   
9.72   3.85068e-06      -1.03212e-05      -2.36493e-05      1.45732e-06   
9.74   3.71158e-06      -9.96926e-06      -2.28762e-05      1.40656e-06   
9.76   3.57749e-06      -9.62928e-06      -2.21283e-05      1.35757e-06   
9.78   3.44821e-06      -9.30085e-06      -2.14047e-05      1.31029e-06   
9.8   3.32358e-06      -8.98358e-06      -2.07047e-05      1.26465e-06   
9.82   3.20344e-06      -8.67708e-06      -2.00274e-05      1.2206e-06   
9.84   3.08762e-06      -8.38099e-06      -1.93721e-05      1.17808e-06   
9.86   2.97597e-06      -8.09496e-06      -1.87381e-05      1.13704e-06   
9.88   2.86834e-06      -7.81865e-06      -1.81248e-05      1.09743e-06   
9.9   2.76458e-06      -7.55173e-06      -1.75315e-05      1.0592e-06   
9.92   2.66456e-06      -7.29389e-06      -1.69574e-05      1.0223e-06   
9.94   2.56815e-06      -7.04482e-06      -1.64021e-05      9.8669e-07   
9.96   2.4752e-06      -6.80422e-06      -1.58649e-05      9.52315e-07   
9.98   2.38561e-06      -6.5718e-06      -1.53451e-05      9.19137e-07   
10   2.29924e-06      -6.34729e-06      -1.48423e-05      8.87114e-07   
10.02   2.21599e-06      -6.13041e-06      -1.43559e-05      8.56206e-07   
10.04   2.13574e-06      -5.92092e-06      -1.38853e-05      8.26374e-07   
10.06   2.05839e-06      -5.71856e-06      -1.34301e-05      7.97581e-07   
10.08   1.98382e-06      -5.52309e-06      -1.29898e-05      7.69791e-07   
10.1   1.91195e-06      -5.33428e-06      -1.25638e-05      7.42968e-07   
10.12   1.84266e-06      -5.1519e-06      -1.21517e-05      7.1708e-07   
10.14   1.77588e-06      -4.97573e-06      -1.1753e-05      6.92093e-07   
10.16   1.71151e-06      -4.80556e-06      -1.13674e-05      6.67976e-07   
10.18   1.64946e-06      -4.64119e-06      -1.09944e-05      6.447e-07   
10.2   1.58966e-06      -4.48242e-06      -1.06335e-05      6.22234e-07   
10.22   1.53201e-06      -4.32906e-06      -1.02845e-05      6.0055e-07   
10.24   1.47645e-06      -4.18094e-06      -9.94679e-06      5.79622e-07   
10.26   1.42289e-06      -4.03786e-06      -9.62016e-06      5.59423e-07   
10.28   1.37127e-06      -3.89966e-06      -9.30421e-06      5.39927e-07   
10.3   1.32151e-06      -3.76618e-06      -8.99859e-06      5.21111e-07   
10.32   1.27356e-06      -3.63725e-06      -8.70296e-06      5.0295e-07   
10.34   1.22733e-06      -3.51271e-06      -8.41699e-06      4.85422e-07   
10.36   1.18278e-06      -3.39243e-06      -8.14039e-06      4.68504e-07   
10.38   1.13984e-06      -3.27626e-06      -7.87283e-06      4.52176e-07   
10.4   1.09845e-06      -3.16404e-06      -7.61403e-06      4.36416e-07   
10.42   1.05856e-06      -3.05566e-06      -7.36369e-06      4.21206e-07   
10.44   1.02012e-06      -2.95098e-06      -7.12156e-06      4.06526e-07   
10.46   9.8306e-07      -2.84988e-06      -6.88735e-06      3.92357e-07   
10.48   9.47346e-07      -2.75222e-06      -6.66081e-06      3.78681e-07   
10.5   9.12925e-07      -2.65791e-06      -6.44168e-06      3.65483e-07   
10.52   8.7975e-07      -2.56681e-06      -6.22974e-06      3.52744e-07   
10.54   8.47777e-07      -2.47883e-06      -6.02474e-06      3.40449e-07   
10.56   8.16961e-07      -2.39386e-06      -5.82646e-06      3.28583e-07   
10.58   7.87262e-07      -2.31178e-06      -5.63468e-06      3.1713e-07   
10.6   7.58639e-07      -2.23252e-06      -5.44919e-06      3.06076e-07   
10.62   7.31053e-07      -2.15596e-06      -5.26977e-06      2.95407e-07   
10.64   7.04467e-07      -2.08202e-06      -5.09624e-06      2.8511e-07   
10.66   6.78844e-07      -2.01061e-06      -4.92841e-06      2.75172e-07   
10.68   6.54151e-07      -1.94165e-06      -4.76607e-06      2.6558e-07   
10.7   6.30352e-07      -1.87504e-06      -4.60907e-06      2.56323e-07   
10.72   6.07417e-07      -1.81071e-06      -4.45721e-06      2.47388e-07   
10.74   5.85313e-07      -1.74858e-06      -4.31034e-06      2.38765e-07   
10.76   5.64012e-07      -1.68857e-06      -4.16829e-06      2.30442e-07   
10.78   5.43483e-07      -1.63063e-06      -4.03091e-06      2.22409e-07   
10.8   5.23699e-07      -1.57466e-06      -3.89803e-06      2.14657e-07   
10.82   5.04632e-07      -1.52061e-06      -3.76952e-06      2.07174e-07   
10.84   4.86258e-07      -1.46841e-06      -3.64523e-06      1.99952e-07   
10.86   4.68551e-07      -1.41799e-06      -3.52502e-06      1.92982e-07   
10.88   4.51487e-07      -1.36931e-06      -3.40877e-06      1.86255e-07   
10.9   4.35042e-07      -1.32229e-06      -3.29633e-06      1.79762e-07   
10.92   4.19194e-07      -1.27688e-06      -3.18759e-06      1.73496e-07   
10.94   4.03922e-07      -1.23303e-06      -3.08242e-06      1.67448e-07   
10.96   3.89205e-07      -1.19067e-06      -2.98071e-06      1.61611e-07   
10.98   3.75022e-07      -1.14977e-06      -2.88234e-06      1.55977e-07   
11   3.61355e-07      -1.11027e-06      -2.78721e-06      1.5054e-07   
11.02   3.48184e-07      -1.07213e-06      -2.69521e-06      1.45292e-07   
11.04   3.35492e-07      -1.03529e-06      -2.60623e-06      1.40228e-07   
11.06   3.23262e-07      -9.99717e-07      -2.52019e-06      1.35339e-07   
11.08   3.11475e-07      -9.65361e-07      -2.43697e-06      1.30622e-07   
11.1   3.00118e-07      -9.32184e-07      -2.35649e-06      1.26068e-07   
11.12   2.89173e-07      -9.00144e-07      -2.27866e-06      1.21674e-07   
11.14   2.78627e-07      -8.69202e-07      -2.20339e-06      1.17432e-07   
11.16   2.68464e-07      -8.39322e-07      -2.1306e-06      1.13338e-07   
11.18   2.5867e-07      -8.10467e-07      -2.06021e-06      1.09388e-07   
11.2   2.49233e-07      -7.82601e-07      -1.99214e-06      1.05574e-07   
11.22   2.4014e-07      -7.55692e-07      -1.9263e-06      1.01894e-07   
11.24   2.31377e-07      -7.29705e-07      -1.86264e-06      9.83422e-08   
11.26   2.22933e-07      -7.04611e-07      -1.80107e-06      9.49141e-08   
11.28   2.14796e-07      -6.80377e-07      -1.74154e-06      9.16055e-08   
11.3   2.06956e-07      -6.56975e-07      -1.68396e-06      8.84122e-08   
11.32   1.99401e-07      -6.34377e-07      -1.62828e-06      8.53303e-08   
11.34   1.92121e-07      -6.12554e-07      -1.57444e-06      8.23558e-08   
11.36   1.85107e-07      -5.9148e-07      -1.52237e-06      7.9485e-08   
11.38   1.78347e-07      -5.7113e-07      -1.47202e-06      7.67143e-08   
11.4   1.71834e-07      -5.51478e-07      -1.42333e-06      7.40402e-08   
11.42   1.65558e-07      -5.32501e-07      -1.37624e-06      7.14593e-08   
11.44   1.59511e-07      -5.14176e-07      -1.33071e-06      6.89683e-08   
11.46   1.53684e-07      -4.96481e-07      -1.28668e-06      6.65642e-08   
11.48   1.4807e-07      -4.79393e-07      -1.2441e-06      6.4244e-08   
11.5   1.4266e-07      -4.62892e-07      -1.20293e-06      6.20046e-08   
11.52   1.37447e-07      -4.46958e-07      -1.16311e-06      5.98433e-08   
11.54   1.32424e-07      -4.31571e-07      -1.12461e-06      5.77573e-08   
11.56   1.27585e-07      -4.16714e-07      -1.08739e-06      5.57441e-08   
11.58   1.22921e-07      -4.02366e-07      -1.05138e-06      5.3801e-08   
11.6   1.18428e-07      -3.88512e-07      -1.01657e-06      5.19257e-08   
11.62   1.14099e-07      -3.75134e-07      -9.8291e-07      5.01158e-08   
11.64   1.09927e-07      -3.62216e-07      -9.50359e-07      4.83689e-08   
11.66   1.05908e-07      -3.49741e-07      -9.18883e-07      4.6683e-08   
11.68   1.02036e-07      -3.37696e-07      -8.88447e-07      4.50558e-08   
11.7   9.83042e-08      -3.26065e-07      -8.59016e-07      4.34854e-08   
11.72   9.47089e-08      -3.14833e-07      -8.30557e-07      4.19697e-08   
11.74   9.12449e-08      -3.03988e-07      -8.03039e-07      4.05069e-08   
11.76   8.79073e-08      -2.93516e-07      -7.7643e-07      3.9095e-08   
11.78   8.46914e-08      -2.83404e-07      -7.507e-07      3.77324e-08   
11.8   8.1593e-08      -2.73639e-07      -7.25821e-07      3.64173e-08   
11.82   7.86077e-08      -2.64211e-07      -7.01764e-07      3.5148e-08   
11.84   7.57313e-08      -2.55107e-07      -6.78503e-07      3.3923e-08   
11.86   7.296e-08      -2.46316e-07      -6.5601e-07      3.27406e-08   
11.88   7.02899e-08      -2.37827e-07      -6.34261e-07      3.15995e-08   
11.9   6.77172e-08      -2.29631e-07      -6.13232e-07      3.04982e-08   
11.92   6.52386e-08      -2.21717e-07      -5.92898e-07      2.94353e-08   
11.94   6.28504e-08      -2.14075e-07      -5.73236e-07      2.84094e-08   
11.96   6.05495e-08      -2.06695e-07      -5.54225e-07      2.74193e-08   
11.98   5.83327e-08      -1.9957e-07      -5.35843e-07      2.64637e-08   
12   5.61968e-08      -1.9269e-07      -5.18069e-07      2.55414e-08   
