0.4    -1.04358        -0.181749        -0.997679        -1.27192    
0.42    -1.004        -0.168333        -0.963797        -1.25805    
0.44    -0.967351        -0.153723        -0.929711        -1.2439    
0.46    -0.933513        -0.138061        -0.895511        -1.2295    
0.48    -0.902353        -0.121479        -0.861282        -1.21487    
0.5    -0.873737        -0.104104        -0.827104        -1.20004    
0.52    -0.847522        -0.0860564        -0.793047        -1.18504    
0.54    -0.823566        -0.0674479        -0.759178        -1.1699    
0.56    -0.801726        -0.0483843        -0.725557        -1.15463    
0.58    -0.78186        -0.0289637        -0.69224        -1.13926    
0.6    -0.763831        -0.00927766        -0.659276        -1.1238    
0.62    -0.747504        0.0105892        -0.626711        -1.10829    
0.64    -0.73275        0.0305588        -0.594584        -1.09274    
0.66    -0.719443        0.050559        -0.562934        -1.07716    
0.68    -0.707465        0.0705238        -0.531793        -1.06158    
0.7    -0.696702        0.0903929        -0.501189        -1.04601    
0.72    -0.687046        0.110111        -0.471148        -1.03045    
0.74    -0.678396        0.129629        -0.441692        -1.01494    
0.76    -0.670656        0.1489        -0.412842        -0.999471    
0.78    -0.663734        0.167885        -0.384612        -0.984066    
0.8    -0.657548        0.186546        -0.357018        -0.968733    
0.82    -0.652017        0.204851        -0.33007        -0.953483    
0.84    -0.647068        0.222772        -0.303778        -0.938326    
0.86    -0.642633        0.240282        -0.278149        -0.92327    
0.88    -0.638648        0.257359        -0.253187        -0.908323    
0.9    -0.635053        0.273984        -0.228898        -0.893493    
0.92    -0.631794        0.290141        -0.205281        -0.878787    
0.94    -0.628822        0.305816        -0.182337        -0.864212    
0.96    -0.62609        0.320997        -0.160066        -0.849773    
0.98    -0.623556        0.335675        -0.138463        -0.835476    
1    -0.621181        0.349843        -0.117527        -0.821325    
1.02    -0.61893        0.363495        -0.0972505        -0.807326    
1.04    -0.616771        0.376629        -0.0776293        -0.793481    
1.06    -0.614675        0.389242        -0.0586562        -0.779794    
1.08    -0.612616        0.401334        -0.0403236        -0.766269    
1.1    -0.610571        0.412907        -0.0226232        -0.752908    
1.12    -0.608519        0.423961        -0.00554604        -0.739714    
1.14    -0.606441        0.434501        0.0109174        -0.726688    
1.16    -0.604321        0.444532        0.0267773        -0.713833    
1.18    -0.602144        0.454058        0.0420441        -0.70115    
1.2    -0.599898        0.463085        0.0567286        -0.688641    
1.22    -0.597572        0.471621        0.0708423        -0.676305    
1.24    -0.595157        0.479674        0.0843966        -0.664144    
1.26    -0.592644        0.487251        0.0974033        -0.652159    
1.28    -0.590028        0.494361        0.109874        -0.640349    
1.3    -0.587303        0.501014        0.121822        -0.628714    
1.32    -0.584466        0.507218        0.133258        -0.617255    
1.34    -0.581513        0.512985        0.144195        -0.605971    
1.36    -0.578442        0.518323        0.154646        -0.594862    
1.38    -0.575251        0.523244        0.164623        -0.583927    
1.4    -0.571942        0.527759        0.174138        -0.573165    
1.42    -0.568513        0.531877        0.183203        -0.562575    
1.44    -0.564965        0.53561        0.191831        -0.552156    
1.46    -0.561301        0.538969        0.200034        -0.541908    
1.48    -0.557521        0.541965        0.207824        -0.531829    
1.5    -0.553629        0.544609        0.215213        -0.521917    
1.52    -0.549627        0.546911        0.222212        -0.512172    
1.54    -0.545519        0.548883        0.228835        -0.502591    
1.56    -0.541306        0.550536        0.235091        -0.493173    
1.58    -0.536995        0.55188        0.240993        -0.483917    
1.6    -0.532587        0.552926        0.246551        -0.47482    
1.62    -0.528087        0.553685        0.251776        -0.465882    
1.64    -0.5235        0.554167        0.25668        -0.4571    
1.66    -0.51883        0.554382        0.261273        -0.448472    
1.68    -0.514081        0.554341        0.265565        -0.439997    
1.7    -0.509257        0.554053        0.269566        -0.431672    
1.72    -0.504364        0.553528        0.273287        -0.423496    
1.74    -0.499405        0.552776        0.276736        -0.415467    
1.76    -0.494385        0.551805        0.279924        -0.407583    
1.78    -0.489309        0.550626        0.28286        -0.399841    
1.8    -0.484181        0.549247        0.285552        -0.392241    
1.82    -0.479005        0.547677        0.288011        -0.384779    
1.84    -0.473787        0.545925        0.290243        -0.377453    
1.86    -0.46853        0.543998        0.292258        -0.370263    
1.88    -0.463239        0.541905        0.294064        -0.363205    
1.9    -0.457917        0.539653        0.295669        -0.356278    
1.92    -0.452569        0.537252        0.29708        -0.349479    
1.94    -0.447199        0.534707        0.298305        -0.342807    
1.96    -0.441811        0.532026        0.299352        -0.33626    
1.98    -0.436408        0.529217        0.300226        -0.329835    
2    -0.430994        0.526285        0.300937        -0.323531    
2.02    -0.425573        0.523238        0.301489        -0.317345    
2.04    -0.420148        0.520083        0.301889        -0.311276    
2.06    -0.414723        0.516824        0.302144        -0.305321    
2.08    -0.4093        0.513469        0.30226        -0.29948    
2.1    -0.403883        0.510023        0.302243        -0.293749    
2.12    -0.398475        0.506492        0.302099        -0.288127    
2.14    -0.393078        0.502881        0.301832        -0.282612    
2.16    -0.387696        0.499195        0.301449        -0.277202    
2.18    -0.382331        0.49544        0.300954        -0.271895    
2.2    -0.376985        0.49162        0.300353        -0.26669    
2.22    -0.371661        0.48774        0.299651        -0.261585    
2.24    -0.366361        0.483805        0.298851        -0.256577    
2.26    -0.361088        0.479819        0.29796        -0.251666    
2.28    -0.355843        0.475786        0.29698        -0.246849    
2.3    -0.350628        0.47171        0.295917        -0.242125    
2.32    -0.345446        0.467595        0.294775        -0.237491    
2.34    -0.340297        0.463445        0.293557        -0.232947    
2.36    -0.335184        0.459264        0.292267        -0.228491    
2.38    -0.330109        0.455054        0.290909        -0.22412    
2.4    -0.325072        0.45082        0.289487        -0.219834    
2.42    -0.320075        0.446564        0.288004        -0.215631    
2.44    -0.315119        0.44229        0.286463        -0.211509    
2.46    -0.310206        0.438        0.284867        -0.207467    
2.48    -0.305337        0.433697        0.28322        -0.203503    
2.5    -0.300512        0.429384        0.281525        -0.199616    
2.52    -0.295733        0.425064        0.279784        -0.195804    
2.54    -0.291001        0.420738        0.278        -0.192067    
2.56    -0.286315        0.41641        0.276175        -0.188401    
2.58    -0.281678        0.412081        0.274314        -0.184807    
2.6    -0.27709        0.407753        0.272417        -0.181283    
2.62    -0.272551        0.40343        0.270487        -0.177827    
2.64    -0.268062        0.399111        0.268526        -0.174438    
2.66    -0.263623        0.394801        0.266538        -0.171115    
2.68    -0.259235        0.390499        0.264522        -0.167856    
2.7    -0.254899        0.386208        0.262483        -0.164661    
2.72    -0.250614        0.38193        0.260421        -0.161528    
2.74    -0.24638        0.377666        0.258339        -0.158455    
2.76    -0.242199        0.373417        0.256239        -0.155443    
2.78    -0.23807        0.369185        0.254121        -0.152489    
2.8    -0.233993        0.364971        0.251988        -0.149592    
2.82    -0.229969        0.360776        0.249841        -0.146751    
2.84    -0.225997        0.356602        0.247682        -0.143966    
2.86    -0.222077        0.352449        0.245513        -0.141235    
2.88    -0.21821        0.348319        0.243334        -0.138557    
2.9    -0.214395        0.344212        0.241147        -0.13593    
2.92    -0.210633        0.34013        0.238954        -0.133355    
2.94    -0.206922        0.336073        0.236754        -0.13083    
2.96    -0.203264        0.332042        0.234551        -0.128354    
2.98    -0.199657        0.328038        0.232345        -0.125926    
3    -0.196103        0.324062        0.230136        -0.123544    
3.02    -0.192599        0.320114        0.227927        -0.121209    
3.04    -0.189146        0.316195        0.225717        -0.11892    
3.06    -0.185745        0.312305        0.223508        -0.116674    
3.08    -0.182394        0.308445        0.221301        -0.114473    
3.1    -0.179093        0.304616        0.219097        -0.112313    
3.12    -0.175842        0.300817        0.216896        -0.110196    
3.14    -0.17264        0.29705        0.2147        -0.10812    
3.16    -0.169487        0.293314        0.212508        -0.106084    
3.18    -0.166384        0.289611        0.210322        -0.104087    
3.2    -0.163328        0.28594        0.208142        -0.102128    
3.22    -0.160321        0.282302        0.20597        -0.100208    
3.24    -0.157361        0.278696        0.203805        -0.0983247    
3.26    -0.154448        0.275124        0.201648        -0.0964778    
3.28    -0.151581        0.271585        0.1995        -0.0946665    
3.3    -0.148761        0.268079        0.197362        -0.0928902    
3.32    -0.145986        0.264607        0.195233        -0.0911481    
3.34    -0.143257        0.261169        0.193114        -0.0894396    
3.36    -0.140572        0.257765        0.191006        -0.087764    
3.38    -0.137932        0.254395        0.18891        -0.0861207    
3.4    -0.135335        0.251058        0.186824        -0.084509    
3.42    -0.132782        0.247756        0.184751        -0.0829283    
3.44    -0.130271        0.244488        0.18269        -0.081378    
3.46    -0.127803        0.241254        0.180642        -0.0798575    
3.48    -0.125376        0.238054        0.178606        -0.0783663    
3.5    -0.122991        0.234888        0.176584        -0.0769036    
3.52    -0.120646        0.231756        0.174575        -0.0754691    
3.54    -0.118341        0.228658        0.172579        -0.074062    
3.56    -0.116076        0.225593        0.170598        -0.072682    
3.58    -0.113851        0.222563        0.168631        -0.0713284    
3.6    -0.111664        0.219566        0.166678        -0.0700007    
3.62    -0.109515        0.216603        0.16474        -0.0686985    
3.64    -0.107403        0.213673        0.162817        -0.0674211    
3.66    -0.105329        0.210776        0.160909        -0.0661682    
3.68    -0.103291        0.207912        0.159015        -0.0649392    
3.7    -0.10129        0.205082        0.157137        -0.0637338    
3.72    -0.0993237        0.202284        0.155274        -0.0625513    
3.74    -0.0973926        0.199519        0.153427        -0.0613914    
3.76    -0.0954962        0.196787        0.151595        -0.0602536    
3.78    -0.0936337        0.194086        0.149779        -0.0591375    
3.8    -0.0918048        0.191418        0.147979        -0.0580427    
3.82    -0.0900089        0.188782        0.146194        -0.0569688    
3.84    -0.0882455        0.186177        0.144426        -0.0559152    
3.86    -0.0865142        0.183604        0.142673        -0.0548817    
3.88    -0.0848145        0.181062        0.140936        -0.0538679    
3.9    -0.0831458        0.178552        0.139215        -0.0528733    
3.92    -0.0815077        0.176071        0.13751        -0.0518976    
3.94    -0.0798997        0.173622        0.135822        -0.0509405    
3.96    -0.0783213        0.171203        0.134149        -0.0500015    
3.98    -0.0767722        0.168814        0.132492        -0.0490802    
4    -0.0752517        0.166454        0.130851        -0.0481765    
4.02    -0.0737594        0.164125        0.129227        -0.0472899    
4.04    -0.072295        0.161824        0.127618        -0.04642    
4.06    -0.0708579        0.159553        0.126025        -0.0455666    
4.08    -0.0694477        0.157311        0.124449        -0.0447293    
4.1    -0.0680639        0.155097        0.122888        -0.0439079    
4.12    -0.0667062        0.152912        0.121343        -0.0431019    
4.14    -0.065374        0.150754        0.119814        -0.0423112    
4.16    -0.064067        0.148625        0.118301        -0.0415354    
4.18    -0.0627847        0.146522        0.116803        -0.0407742    
4.2    -0.0615267        0.144448        0.115322        -0.0400274    
4.22    -0.0602926        0.1424        0.113855        -0.0392946    
4.24    -0.0590821        0.140379        0.112405        -0.0385757    
4.26    -0.0578946        0.138384        0.11097        -0.0378702    
4.28    -0.0567298        0.136416        0.10955        -0.037178    
4.3    -0.0555873        0.134473        0.108146        -0.0364988    
4.32    -0.0544668        0.132556        0.106757        -0.0358324    
4.34    -0.0533678        0.130665        0.105383        -0.0351785    
4.36    -0.0522899        0.128799        0.104024        -0.0345368    
4.38    -0.0512329        0.126957        0.10268        -0.0339072    
4.4    -0.0501962        0.12514        0.101352        -0.0332894    
4.42    -0.0491797        0.123348        0.100038        -0.0326831    
4.44    -0.0481828        0.121579        0.0987385        -0.0320882    
4.46    -0.0472053        0.119834        0.097454        -0.0315044    
4.48    -0.0462469        0.118113        0.096184        -0.0309316    
4.5    -0.045307        0.116415        0.0949285        -0.0303694    
4.52    -0.0443856        0.11474        0.0936873        -0.0298177    
4.54    -0.0434821        0.113088        0.0924604        -0.0292764    
4.56    -0.0425963        0.111459        0.0912476        -0.0287451    
4.58    -0.0417279        0.109851        0.0900489        -0.0282237    
4.6    -0.0408766        0.108266        0.0888641        -0.0277121    
4.62    -0.0400419        0.106702        0.0876931        -0.02721    
4.64    -0.0392237        0.105159        0.0865359        -0.0267172    
4.66    -0.0384216        0.103638        0.0853922        -0.0262336    
4.68    -0.0376354        0.102138        0.0842621        -0.025759    
4.7    -0.0368647        0.100659        0.0831454        -0.0252932    
4.72    -0.0361092        0.0991996        0.0820419        -0.024836    
4.74    -0.0353687        0.0977607        0.0809516        -0.0243874    
4.76    -0.0346429        0.0963418        0.0798744        -0.023947    
4.78    -0.0339315        0.0949426        0.0788101        -0.0235149    
4.8    -0.0332343        0.0935629        0.0777586        -0.0230907    
4.82    -0.0325509        0.0922024        0.0767198        -0.0226744    
4.84    -0.0318812        0.0908609        0.0756937        -0.0222658    
4.86    -0.0312248        0.0895381        0.07468        -0.0218648    
4.88    -0.0305815        0.0882339        0.0736786        -0.0214712    
4.9    -0.0299511        0.0869479        0.0726896        -0.0210848    
4.92    -0.0293334        0.08568        0.0717126        -0.0207056    
4.94    -0.028728        0.0844299        0.0707477        -0.0203334    
4.96    -0.0281347        0.0831975        0.0697947        -0.0199681    
4.98    -0.0275534        0.0819824        0.0688534        -0.0196095    
5    -0.0269837        0.0807844        0.0679239        -0.0192575    
5.02    -0.0264256        0.0796034        0.0670059        -0.018912    
5.04    -0.0258786        0.0784391        0.0660993        -0.0185728    
5.06    -0.0253427        0.0772914        0.0652041        -0.0182399    
5.08    -0.0248176        0.0761598        0.0643201        -0.0179132    
5.1    -0.0243031        0.0750444        0.0634472        -0.0175924    
5.12    -0.0237991        0.0739448        0.0625852        -0.0172775    
5.14    -0.0233052        0.0728609        0.0617342        -0.0169684    
5.16    -0.0228213        0.0717925        0.0608939        -0.016665    
5.18    -0.0223472        0.0707393        0.0600642        -0.0163672    
5.2    -0.0218828        0.0697011        0.0592451        -0.0160748    
5.22    -0.0214278        0.0686778        0.0584364        -0.0157877    
5.24    -0.020982        0.0676691        0.057638        -0.015506    
5.26    -0.0205453        0.0666749        0.0568498        -0.0152294    
5.28    -0.0201175        0.0656949        0.0560718        -0.0149578    
5.3    -0.0196984        0.064729        0.0553036        -0.0146912    
5.32    -0.0192879        0.063777        0.0545454        -0.0144295    
5.34    -0.0188857        0.0628386        0.0537969        -0.0141726    
5.36    -0.0184918        0.0619138        0.0530581        -0.0139204    
5.38    -0.0181059        0.0610023        0.0523289        -0.0136727    
5.4    -0.0177279        0.060104        0.051609        -0.0134296    
5.42    -0.0173576        0.0592186        0.0508985        -0.0131909    
5.44    -0.0169949        0.058346        0.0501973        -0.0129566    
5.46    -0.0166397        0.057486        0.0495052        -0.0127265    
5.48    -0.0162917        0.0566385        0.0488221        -0.0125007    
5.5    -0.0159509        0.0558032        0.0481479        -0.0122789    
5.52    -0.0156171        0.0549801        0.0474825        -0.0120612    
5.54    -0.0152902        0.0541688        0.0468259        -0.0118474    
5.56    -0.0149699        0.0533694        0.0461778        -0.0116375    
5.58    -0.0146563        0.0525815        0.0455383        -0.0114314    
5.6    -0.0143491        0.0518051        0.0449072        -0.0112291    
5.62    -0.0140482        0.05104        0.0442845        -0.0110304    
5.64    -0.0137536        0.0502861        0.0436699        -0.0108354    
5.66    -0.013465        0.0495431        0.0430635        -0.0106439    
5.68    -0.0131824        0.0488109        0.0424651        -0.0104558    
5.7    -0.0129056        0.0480894        0.0418746        -0.0102711    
5.72    -0.0126346        0.0473784        0.041292        -0.0100898    
5.74    -0.0123691        0.0466779        0.0407171        -0.00991181    
5.76    -0.0121092        0.0459875        0.0401499        -0.009737    
5.78    -0.0118546        0.0453072        0.0395902        -0.00956536    
5.8    -0.0116053        0.0446369        0.039038        -0.00939681    
5.82    -0.0113612        0.0439764        0.0384932        -0.0092313    
5.84    -0.0111221        0.0433256        0.0379557        -0.00906879    
5.86    -0.010888        0.0426843        0.0374254        -0.0089092    
5.88    -0.0106587        0.0420523        0.0369022        -0.00875249    
5.9    -0.0104342        0.0414297        0.036386        -0.00859861    
5.92    -0.0102144        0.0408162        0.0358767        -0.00844749    
5.94    -0.00999916        0.0402117        0.0353743        -0.0082991    
5.96    -0.00978838        0.039616        0.0348787        -0.00815338    
5.98    -0.00958198        0.0390291        0.0343898        -0.00801028    
6    -0.00937989        0.0384509        0.0339075        -0.00786975    
6.02    -0.009182        0.0378811        0.0334317        -0.00773175    
6.04    -0.00898823        0.0373197        0.0329623        -0.00759623    
6.06    -0.00879851        0.0367666        0.0324993        -0.00746313    
6.08    -0.00861274        0.0362217        0.0320426        -0.00733243    
6.1    -0.00843085        0.0356847        0.031592        -0.00720407    
6.12    -0.00825275        0.0351557        0.0311476        -0.00707802    
6.14    -0.00807838        0.0346344        0.0307093        -0.00695422    
6.16    -0.00790764        0.0341209        0.0302769        -0.00683264    
6.18    -0.00774048        0.0336149        0.0298504        -0.00671323    
6.2    -0.00757681        0.0331164        0.0294297        -0.00659597    
6.22    -0.00741657        0.0326252        0.0290148        -0.0064808    
6.24    -0.00725967        0.0321413        0.0286055        -0.00636769    
6.26    -0.00710607        0.0316645        0.0282019        -0.0062566    
6.28    -0.00695568        0.0311948        0.0278038        -0.00614749    
6.3    -0.00680844        0.030732        0.0274111        -0.00604034    
6.32    -0.00666428        0.0302761        0.0270238        -0.00593509    
6.34    -0.00652315        0.0298269        0.0266418        -0.00583172    
6.36    -0.00638498        0.0293844        0.0262651        -0.0057302    
6.38    -0.0062497        0.0289484        0.0258936        -0.00563048    
6.4    -0.00611727        0.0285188        0.0255272        -0.00553255    
6.42    -0.00598762        0.0280956        0.0251658        -0.00543635    
6.44    -0.00586069        0.0276787        0.0248094        -0.00534187    
6.46    -0.00573642        0.027268        0.0244579        -0.00524907    
6.48    -0.00561477        0.0268633        0.0241113        -0.00515791    
6.5    -0.00549568        0.0264646        0.0237694        -0.00506838    
6.52    -0.00537909        0.0260719        0.0234323        -0.00498044    
6.54    -0.00526495        0.025685        0.0230999        -0.00489406    
6.56    -0.00515321        0.0253038        0.0227721        -0.00480921    
6.58    -0.00504383        0.0249282        0.0224488        -0.00472587    
6.6    -0.00493675        0.0245583        0.0221299        -0.00464401    
6.62    -0.00483193        0.0241938        0.0218156        -0.0045636    
6.64    -0.00472931        0.0238347        0.0215055        -0.00448461    
6.66    -0.00462886        0.023481        0.0211998        -0.00440702    
6.68    -0.00453052        0.0231325        0.0208984        -0.00433081    
6.7    -0.00443426        0.0227892        0.0206011        -0.00425594    
6.72    -0.00434003        0.022451        0.020308        -0.0041824    
6.74    -0.00424779        0.0221178        0.0200189        -0.00411016    
6.76    -0.00415749        0.0217896        0.0197339        -0.00403919    
6.78    -0.0040691        0.0214662        0.0194529        -0.00396948    
6.8    -0.00398258        0.0211477        0.0191758        -0.003901    
6.82    -0.00389788        0.0208338        0.0189025        -0.00383373    
6.84    -0.00381497        0.0205247        0.0186331        -0.00376764    
6.86    -0.00373382        0.0202201        0.0183675        -0.00370272    
6.88    -0.00365438        0.0199201        0.0181055        -0.00363895    
6.9    -0.00357662        0.0196246        0.0178472        -0.00357629    
6.92    -0.0035005        0.0193334        0.0175926        -0.00351474    
6.94    -0.003426        0.0190466        0.0173415        -0.00345428    
6.96    -0.00335307        0.018764        0.0170939        -0.00339488    
6.98    -0.00328168        0.0184856        0.0168499        -0.00333652    
7    -0.00321181        0.0182114        0.0166092        -0.00327919    
7.02    -0.00314341        0.0179413        0.0163719        -0.00322287    
7.04    -0.00307647        0.0176752        0.016138        -0.00316753    
7.06    -0.00301094        0.017413        0.0159073        -0.00311317    
7.08    -0.0029468        0.0171547        0.0156799        -0.00305976    
7.1    -0.00288402        0.0169003        0.0154557        -0.00300729    
7.12    -0.00282257        0.0166497        0.0152346        -0.00295574    
7.14    -0.00276242        0.0164028        0.0150167        -0.00290509    
7.16    -0.00270355        0.0161596        0.0148018        -0.00285533    
7.18    -0.00264592        0.01592        0.01459        -0.00280644    
7.2    -0.00258952        0.015684        0.0143811        -0.00275841    
7.22    -0.00253432        0.0154515        0.0141752        -0.00271122    
7.24    -0.00248028        0.0152225        0.0139722        -0.00266485    
7.26    -0.0024274        0.0149968        0.0137721        -0.0026193    
7.28    -0.00237563        0.0147746        0.0135748        -0.00257454    
7.3    -0.00232497        0.0145556        0.0133803        -0.00253056    
7.32    -0.00227538        0.0143399        0.0131886        -0.00248735    
7.34    -0.00222684        0.0141274        0.0129995        -0.00244489    
7.36    -0.00217934        0.0139181        0.0128131        -0.00240318    
7.38    -0.00213284        0.0137119        0.0126294        -0.00236219    
7.4    -0.00208733        0.0135088        0.0124483        -0.00232192    
7.42    -0.00204279        0.0133087        0.0122697        -0.00228235    
7.44    -0.0019992        0.0131116        0.0120937        -0.00224347    
7.46    -0.00195653        0.0129174        0.0119202        -0.00220526    
7.48    -0.00191477        0.0127261        0.0117491        -0.00216772    
7.5    -0.0018739        0.0125377        0.0115805        -0.00213084    
7.52    -0.0018339        0.012352        0.0114142        -0.00209459    
7.54    -0.00179475        0.0121692        0.0112504        -0.00205898    
7.56    -0.00175643        0.0119891        0.0110888        -0.00202398    
7.58    -0.00171893        0.0118116        0.0109296        -0.00198959    
7.6    -0.00168222        0.0116368        0.0107726        -0.0019558    
7.62    -0.0016463        0.0114646        0.0106178        -0.0019226    
7.64    -0.00161114        0.011295        0.0104653        -0.00188997    
7.66    -0.00157673        0.0111278        0.0103149        -0.00185791    
7.68    -0.00154306        0.0109632        0.0101666        -0.0018264    
7.7    -0.0015101        0.0108011        0.0100205        -0.00179544    
7.72    -0.00147784        0.0106413        0.00987646        -0.00176502    
7.74    -0.00144627        0.0104839        0.00973446        -0.00173512    
7.76    -0.00141537        0.0103289        0.00959449        -0.00170574    
7.78    -0.00138513        0.0101762        0.00945652        -0.00167687    
7.8    -0.00135554        0.0100258        0.00932051        -0.0016485    
7.82    -0.00132657        0.00987757        0.00918645        -0.00162061    
7.84    -0.00129822        0.00973158        0.0090543        -0.00159321    
7.86    -0.00127048        0.00958777        0.00892404        -0.00156629    
7.88    -0.00124333        0.0094461        0.00879563        -0.00153983    
7.9    -0.00121676        0.00930653        0.00866907        -0.00151382    
7.92    -0.00119075        0.00916905        0.00854431        -0.00148826    
7.94    -0.0011653        0.00903362        0.00842133        -0.00146315    
7.96    -0.00114039        0.0089002        0.00830011        -0.00143847    
7.98    -0.00111602        0.00876877        0.00818063        -0.00141421    
8    -0.00109216        0.00863929        0.00806285        -0.00139037    
8.02    -0.00106881        0.00851175        0.00794676        -0.00136694    
8.04    -0.00104596        0.0083861        0.00783233        -0.00134391    
8.06    -0.0010236        0.00826233        0.00771954        -0.00132128    
8.08    -0.00100172        0.00814039        0.00760837        -0.00129904    
8.1    -0.0009803        0.00802028        0.00749879        -0.00127719    
8.12    -0.00095934        0.00790195        0.00739077        -0.0012557    
8.14    -0.000938827        0.00778538        0.00728431        -0.00123459    
8.16    -0.000918752        0.00767055        0.00717937        -0.00121384    
8.18    -0.000899106        0.00755743        0.00707593        -0.00119345    
8.2    -0.000879879        0.00744599        0.00697398        -0.0011734    
8.22    -0.000861063        0.00733621        0.00687349        -0.0011537    
8.24    -0.000842649        0.00722806        0.00677445        -0.00113434    
8.26    -0.000824628        0.00712152        0.00667682        -0.00111531    
8.28    -0.000806992        0.00701657        0.00658059        -0.0010966    
8.3    -0.000789732        0.00691317        0.00648575        -0.00107822    
8.32    -0.000772842        0.00681132        0.00639227        -0.00106015    
8.34    -0.000756312        0.00671098        0.00630012        -0.00104239    
8.36    -0.000740135        0.00661214        0.00620931        -0.00102493    
8.38    -0.000724305        0.00651476        0.00611979        -0.00100777    
8.4    -0.000708812        0.00641883        0.00603157        -0.000990905    
8.42    -0.00069365        0.00632433        0.00594461        -0.000974328    
8.44    -0.000678813        0.00623123        0.0058589        -0.000958034    
8.46    -0.000664293        0.00613952        0.00577442        -0.000942019    
8.48    -0.000650083        0.00604917        0.00569116        -0.000926277    
8.5    -0.000636176        0.00596016        0.00560909        -0.000910803    
8.52    -0.000622567        0.00587248        0.00552821        -0.000895593    
8.54    -0.000609249        0.0057861        0.00544849        -0.000880643    
8.56    -0.000596216        0.005701        0.00536991        -0.000865947    
8.58    -0.000583462        0.00561717        0.00529247        -0.000851502    
8.6    -0.00057098        0.00553458        0.00521614        -0.000837302    
8.62    -0.000558765        0.00545322        0.00514091        -0.000823345    
8.64    -0.000546811        0.00537306        0.00506676        -0.000809625    
8.66    -0.000535113        0.0052941        0.00499368        -0.000796138    
8.68    -0.000523665        0.00521631        0.00492165        -0.000782881    
8.7    -0.000512462        0.00513968        0.00485066        -0.000769848    
8.72    -0.000501498        0.00506418        0.00478069        -0.000757038    
8.74    -0.000490769        0.0049898        0.00471173        -0.000744445    
8.76    -0.00048027        0.00491653        0.00464376        -0.000732066    
8.78    -0.000469995        0.00484434        0.00457677        -0.000719896    
8.8    -0.00045994        0.00477323        0.00451075        -0.000707934    
8.82    -0.0004501        0.00470317        0.00444568        -0.000696174    
8.84    -0.00044047        0.00463415        0.00438155        -0.000684613    
8.86    -0.000431047        0.00456615        0.00431834        -0.000673249    
8.88    -0.000421825        0.00449917        0.00425604        -0.000662077    
8.9    -0.0004128        0.00443317        0.00419464        -0.000651094    
8.92    -0.000403969        0.00436816        0.00413413        -0.000640297    
8.94    -0.000395326        0.00430411        0.00407449        -0.000629683    
8.96    -0.000386869        0.004241        0.00401571        -0.000619248    
8.98    -0.000378592        0.00417884        0.00395777        -0.00060899    
9    -0.000370493        0.00411759        0.00390068        -0.000598906    
9.02    -0.000362567        0.00405725        0.0038444        -0.000588991    
9.04    -0.00035481        0.00399781        0.00378894        -0.000579244    
9.06    -0.00034722        0.00393924        0.00373428        -0.000569662    
9.08    -0.000339792        0.00388155        0.00368041        -0.000560241    
9.1    -0.000332523        0.00382471        0.00362731        -0.00055098    
9.12    -0.000325409        0.00376871        0.00357499        -0.000541874    
9.14    -0.000318448        0.00371353        0.00352341        -0.000532922    
9.16    -0.000311635        0.00365918        0.00347258        -0.000524121    
9.18    -0.000304969        0.00360563        0.00342249        -0.000515469    
9.2    -0.000298445        0.00355287        0.00337312        -0.000506962    
9.22    -0.000292061        0.0035009        0.00332446        -0.000498598    
9.24    -0.000285814        0.00344969        0.0032765        -0.000490375    
9.26    -0.0002797        0.00339924        0.00322924        -0.00048229    
9.28    -0.000273717        0.00334954        0.00318266        -0.000474342    
9.3    -0.000267862        0.00330057        0.00313675        -0.000466527    
9.32    -0.000262133        0.00325232        0.00309151        -0.000458843    
9.34    -0.000256526        0.00320479        0.00304692        -0.000451288    
9.36    -0.000251039        0.00315796        0.00300297        -0.000443861    
9.38    -0.00024567        0.00311182        0.00295966        -0.000436558    
9.4    -0.000240415        0.00306637        0.00291697        -0.000429377    
9.42    -0.000235273        0.00302159        0.0028749        -0.000422317    
9.44    -0.000230241        0.00297746        0.00283344        -0.000415375    
9.46    -0.000225317        0.00293399        0.00279258        -0.00040855    
9.48    -0.000220498        0.00289117        0.00275231        -0.000401839    
9.5    -0.000215783        0.00284897        0.00271262        -0.000395241    
9.52    -0.000211168        0.0028074        0.0026735        -0.000388753    
9.54    -0.000206652        0.00276644        0.00263495        -0.000382374    
9.56    -0.000202233        0.00272609        0.00259696        -0.000376101    
9.58    -0.000197909        0.00268633        0.00255951        -0.000369934    
9.6    -0.000193677        0.00264715        0.00252261        -0.000363869    
9.62    -0.000189535        0.00260856        0.00248624        -0.000357906    
9.64    -0.000185483        0.00257054        0.00245039        -0.000352043    
9.66    -0.000181517        0.00253307        0.00241507        -0.000346277    
9.68    -0.000177636        0.00249616        0.00238025        -0.000340608    
9.7    -0.000173838        0.00245979        0.00234594        -0.000335033    
9.72    -0.000170121        0.00242396        0.00231212        -0.000329552    
9.74    -0.000166484        0.00238866        0.0022788        -0.000324162    
9.76    -0.000162925        0.00235387        0.00224595        -0.000318862    
9.78    -0.000159442        0.0023196        0.00221358        -0.00031365    
9.8    -0.000156033        0.00228584        0.00218168        -0.000308525    
9.82    -0.000152697        0.00225257        0.00215024        -0.000303485    
9.84    -0.000149433        0.00221979        0.00211925        -0.000298529    
9.86    -0.000146239        0.0021875        0.00208871        -0.000293656    
9.88    -0.000143113        0.00215567        0.00205861        -0.000288864    
9.9    -0.000140054        0.00212432        0.00202895        -0.000284152    
9.92    -0.000137061        0.00209343        0.00199972        -0.000279518    
9.94    -0.000134131        0.002063        0.00197091        -0.000274961    
9.96    -0.000131265        0.00203301        0.00194252        -0.00027048    
9.98    -0.000128459        0.00200346        0.00191453        -0.000266073    
10    -0.000125714        0.00197435        0.00188695        -0.000261739    
10.02    -0.000123028        0.00194566        0.00185978        -0.000257478    
10.04    -0.000120399        0.0019174        0.00183299        -0.000253287    
10.06    -0.000117826        0.00188955        0.00180659        -0.000249166    
10.08    -0.000115308        0.00186212        0.00178057        -0.000245113    
10.1    -0.000112844        0.00183508        0.00175493        -0.000241127    
10.12    -0.000110433        0.00180844        0.00172966        -0.000237207    
10.14    -0.000108074        0.0017822        0.00170476        -0.000233352    
10.16    -0.000105765        0.00175634        0.00168021        -0.000229561    
10.18    -0.000103505        0.00173086        0.00165602        -0.000225833    
10.2    -0.000101294        0.00170575        0.00163218        -0.000222167    
10.22    -9.91302e-05        0.00168101        0.00160868        -0.000218561    
10.24    -9.70126e-05        0.00165663        0.00158553        -0.000215015    
10.26    -9.49404e-05        0.00163262        0.00156271        -0.000211527    
10.28    -9.29125e-05        0.00160895        0.00154022        -0.000208097    
10.3    -9.0928e-05        0.00158563        0.00151805        -0.000204724    
10.32    -8.89859e-05        0.00156266        0.00149621        -0.000201406    
10.34    -8.70854e-05        0.00154002        0.00147468        -0.000198144    
10.36    -8.52256e-05        0.00151771        0.00145346        -0.000194935    
10.38    -8.34056e-05        0.00149573        0.00143255        -0.000191779    
10.4    -8.16245e-05        0.00147407        0.00141194        -0.000188675    
10.42    -7.98815e-05        0.00145273        0.00139163        -0.000185623    
10.44    -7.81758e-05        0.00143171        0.00137161        -0.00018262    
10.46    -7.65066e-05        0.00141099        0.00135188        -0.000179667    
10.48    -7.48732e-05        0.00139057        0.00133244        -0.000176763    
10.5    -7.32746e-05        0.00137045        0.00131328        -0.000173907    
10.52    -7.17103e-05        0.00135063        0.00129439        -0.000171097    
10.54    -7.01794e-05        0.0013311        0.00127578        -0.000168334    
10.56    -6.86813e-05        0.00131185        0.00125744        -0.000165617    
10.58    -6.72152e-05        0.00129288        0.00123936        -0.000162944    
10.6    -6.57805e-05        0.0012742        0.00122154        -0.000160315    
10.62    -6.43764e-05        0.00125578        0.00120398        -0.000157729    
10.64    -6.30024e-05        0.00123764        0.00118668        -0.000155186    
10.66    -6.16578e-05        0.00121976        0.00116962        -0.000152684    
10.68    -6.03419e-05        0.00120214        0.00115281        -0.000150224    
10.7    -5.90542e-05        0.00118478        0.00113625        -0.000147804    
10.72    -5.7794e-05        0.00116767        0.00111992        -0.000145423    
10.74    -5.65608e-05        0.00115082        0.00110383        -0.000143082    
10.76    -5.53539e-05        0.0011342        0.00108797        -0.000140779    
10.78    -5.41729e-05        0.00111784        0.00107234        -0.000138514    
10.8    -5.30171e-05        0.00110171        0.00105694        -0.000136286    
10.82    -5.1886e-05        0.00108581        0.00104176        -0.000134094    
10.84    -5.07791e-05        0.00107015        0.0010268        -0.000131939    
10.86    -4.96959e-05        0.00105472        0.00101205        -0.000129818    
10.88    -4.86358e-05        0.00103951        0.000997522        -0.000127733    
10.9    -4.75984e-05        0.00102453        0.0009832        -0.000125681    
10.92    -4.65832e-05        0.00100976        0.000969085        -0.000123663    
10.94    -4.55897e-05        0.000995209        0.000955173        -0.000121678    
10.96    -4.46174e-05        0.000980869        0.000941463        -0.000119726    
10.98    -4.36659e-05        0.000966739        0.00092795        -0.000117805    
11    -4.27347e-05        0.000952815        0.000914633        -0.000115916    
11.02    -4.18234e-05        0.000939094        0.000901508        -0.000114057    
11.04    -4.09316e-05        0.000925572        0.000888572        -0.000112229    
11.06    -4.00589e-05        0.000912248        0.000875823        -0.000110431    
11.08    -3.92048e-05        0.000899118        0.000863258        -0.000108662    
11.1    -3.8369e-05        0.000886179        0.000850875        -0.000106922    
11.12    -3.75511e-05        0.000873428        0.00083867        -0.000105211    
11.14    -3.67506e-05        0.000860864        0.000826642        -0.000103527    
11.16    -3.59672e-05        0.000848482        0.000814787        -0.000101871    
11.18    -3.52006e-05        0.00083628        0.000803103        -0.000100241    
11.2    -3.44503e-05        0.000824256        0.000791588        -9.86384e-05    
11.22    -3.37161e-05        0.000812407        0.000780239        -9.70617e-05    
11.24    -3.29975e-05        0.00080073        0.000769054        -9.55106e-05    
11.26    -3.22943e-05        0.000789223        0.00075803        -9.39848e-05    
11.28    -3.16062e-05        0.000777883        0.000747165        -9.24838e-05    
11.3    -3.09327e-05        0.000766709        0.000736457        -9.10072e-05    
11.32    -3.02736e-05        0.000755696        0.000725904        -8.95546e-05    
11.34    -2.96286e-05        0.000744844        0.000715503        -8.81256e-05    
11.36    -2.89974e-05        0.000734149        0.000705251        -8.67198e-05    
11.38    -2.83796e-05        0.00072361        0.000695148        -8.53368e-05    
11.4    -2.77751e-05        0.000713224        0.00068519        -8.39763e-05    
11.42    -2.71834e-05        0.000702989        0.000675376        -8.26378e-05    
11.44    -2.66044e-05        0.000692902        0.000665704        -8.13211e-05    
11.46    -2.60378e-05        0.000682962        0.000656171        -8.00258e-05    
11.48    -2.54832e-05        0.000673166        0.000646775        -7.87514e-05    
11.5    -2.49405e-05        0.000663513        0.000637515        -7.74977e-05    
11.52    -2.44094e-05        0.000653999        0.000628389        -7.62643e-05    
11.54    -2.38896e-05        0.000644624        0.000619394        -7.50508e-05    
11.56    -2.3381e-05        0.000635384        0.000610528        -7.38571e-05    
11.58    -2.28831e-05        0.000626278        0.000601791        -7.26826e-05    
11.6    -2.23959e-05        0.000617305        0.000593179        -7.15272e-05    
11.62    -2.19191e-05        0.000608461        0.000584691        -7.03904e-05    
11.64    -2.14525e-05        0.000599746        0.000576326        -6.92721e-05    
11.66    -2.09959e-05        0.000591157        0.000568081        -6.81718e-05    
11.68    -2.0549e-05        0.000582693        0.000559955        -6.70893e-05    
11.7    -2.01116e-05        0.000574351        0.000551946        -6.60243e-05    
11.72    -1.96835e-05        0.00056613        0.000544053        -6.49765e-05    
11.74    -1.92646e-05        0.000558028        0.000536273        -6.39456e-05    
11.76    -1.88547e-05        0.000550043        0.000528605        -6.29313e-05    
11.78    -1.84534e-05        0.000542174        0.000521048        -6.19335e-05    
11.8    -1.80608e-05        0.000534419        0.000513599        -6.09517e-05    
11.82    -1.76765e-05        0.000526776        0.000506258        -5.99857e-05    
11.84    -1.73004e-05        0.000519243        0.000499023        -5.90354e-05    
11.86    -1.69324e-05        0.00051182        0.000491891        -5.81003e-05    
11.88    -1.65721e-05        0.000504504        0.000484862        -5.71803e-05    
11.9    -1.62196e-05        0.000497293        0.000477935        -5.62752e-05    
11.92    -1.58746e-05        0.000490187        0.000471107        -5.53846e-05    
11.94    -1.5537e-05        0.000483184        0.000464378        -5.45084e-05    
11.96    -1.52065e-05        0.000476282        0.000457745        -5.36462e-05    
11.98    -1.48831e-05        0.00046948        0.000451208        -5.27979e-05    
12    -1.45666e-05        0.000462776        0.000444764        -5.19633e-05    
