0.000335463   0.00081744   
0.000338157   0.000824005   
0.000340873   0.000830624   
0.000343611   0.000837296   
0.000346371   0.000844021   
0.000349153   0.0008508   
0.000351958   0.000857634   
0.000354784   0.000864522   
0.000357634   0.000871466   
0.000360507   0.000878465   
0.000363402   0.000885521   
0.000366321   0.000892633   
0.000369264   0.000899803   
0.000372229   0.00090703   
0.000375219   0.000914315   
0.000378233   0.000921658   
0.000381271   0.000929061   
0.000384333   0.000936522   
0.00038742   0.000944044   
0.000390532   0.000951626   
0.000393669   0.000959269   
0.000396831   0.000966973   
0.000400018   0.000974739   
0.000403231   0.000982567   
0.00040647   0.000990459   
0.000409735   0.000998413   
0.000413026   0.00100643   
0.000416343   0.00101451   
0.000419688   0.00102266   
0.000423059   0.00103087   
0.000426457   0.00103915   
0.000429882   0.0010475   
0.000433335   0.00105591   
0.000436815   0.00106439   
0.000440324   0.00107294   
0.000443861   0.00108156   
0.000447426   0.00109024   
0.000451019   0.001099   
0.000454642   0.00110782   
0.000458294   0.00111672   
0.000461975   0.00112569   
0.000465686   0.00113473   
0.000469426   0.00114384   
0.000473196   0.00115302   
0.000476997   0.00116228   
0.000480828   0.00117162   
0.000484691   0.00118102   
0.000488584   0.00119051   
0.000492508   0.00120007   
0.000496464   0.0012097   
0.000500451   0.00121942   
0.000504471   0.00122921   
0.000508523   0.00123908   
0.000512608   0.00124903   
0.000516725   0.00125906   
0.000520875   0.00126917   
0.000525059   0.00127936   
0.000529276   0.00128963   
0.000533527   0.00129999   
0.000537813   0.00131043   
0.000542133   0.00132095   
0.000546487   0.00133156   
0.000550876   0.00134225   
0.000555301   0.00135302   
0.000559761   0.00136389   
0.000564257   0.00137484   
0.00056879   0.00138588   
0.000573358   0.00139701   
0.000577963   0.00140822   
0.000582606   0.00141953   
0.000587285   0.00143093   
0.000592002   0.00144242   
0.000596757   0.001454   
0.000601551   0.00146567   
0.000606382   0.00147744   
0.000611253   0.0014893   
0.000616162   0.00150126   
0.000621111   0.00151331   
0.0006261   0.00152546   
0.000631129   0.00153771   
0.000636198   0.00155005   
0.000641308   0.0015625   
0.00064646   0.00157504   
0.000651652   0.00158769   
0.000656886   0.00160043   
0.000662162   0.00161328   
0.000667481   0.00162623   
0.000672842   0.00163929   
0.000678246   0.00165245   
0.000683694   0.00166571   
0.000689186   0.00167909   
0.000694721   0.00169257   
0.000700301   0.00170615   
0.000705926   0.00171985   
0.000711596   0.00173366   
0.000717312   0.00174757   
0.000723073   0.0017616   
0.000728881   0.00177574   
0.000734735   0.00179   
0.000740637   0.00180437   
0.000746586   0.00181885   
0.000752582   0.00183345   
0.000758627   0.00184817   
0.000764721   0.00186301   
0.000770863   0.00187796   
0.000777055   0.00189303   
0.000783296   0.00190823   
0.000789587   0.00192355   
0.000795929   0.00193899   
0.000802322   0.00195455   
0.000808767   0.00197024   
0.000815263   0.00198605   
0.000821811   0.002002   
0.000828412   0.00201806   
0.000835066   0.00203426   
0.000841773   0.00205059   
0.000848534   0.00206705   
0.00085535   0.00208364   
0.00086222   0.00210036   
0.000869146   0.00211722   
0.000876127   0.00213421   
0.000883164   0.00215134   
0.000890257   0.00216861   
0.000897408   0.00218601   
0.000904616   0.00220356   
0.000911882   0.00222124   
0.000919206   0.00223907   
0.000926589   0.00225704   
0.000934032   0.00227516   
0.000941534   0.00229341   
0.000949097   0.00231182   
0.00095672   0.00233037   
0.000964404   0.00234908   
0.00097215   0.00236793   
0.000979959   0.00238693   
0.00098783   0.00240609   
0.000995764   0.00242539   
0.00100376   0.00244486   
0.00101182   0.00246448   
0.00101995   0.00248425   
0.00102814   0.00250419   
0.0010364   0.00252428   
0.00104473   0.00254454   
0.00105312   0.00256496   
0.00106158   0.00258554   
0.0010701   0.00260629   
0.0010787   0.0026272   
0.00108736   0.00264828   
0.0010961   0.00266953   
0.0011049   0.00269095   
0.00111378   0.00271255   
0.00112272   0.00273431   
0.00113174   0.00275625   
0.00114083   0.00277836   
0.00114999   0.00280066   
0.00115923   0.00282313   
0.00116854   0.00284578   
0.00117793   0.00286861   
0.00118739   0.00289163   
0.00119692   0.00291483   
0.00120654   0.00293821   
0.00121623   0.00296179   
0.001226   0.00298555   
0.00123585   0.0030095   
0.00124577   0.00303365   
0.00125578   0.00305798   
0.00126586   0.00308252   
0.00127603   0.00310725   
0.00128628   0.00313217   
0.00129661   0.0031573   
0.00130703   0.00318263   
0.00131753   0.00320816   
0.00132811   0.0032339   
0.00133878   0.00325984   
0.00134953   0.00328599   
0.00136037   0.00331235   
0.00137129   0.00333892   
0.00138231   0.0033657   
0.00139341   0.0033927   
0.0014046   0.00341991   
0.00141589   0.00344735   
0.00142726   0.003475   
0.00143872   0.00350287   
0.00145028   0.00353097   
0.00146193   0.00355929   
0.00147367   0.00358784   
0.00148551   0.00361661   
0.00149744   0.00364562   
0.00150946   0.00367486   
0.00152159   0.00370433   
0.00153381   0.00373404   
0.00154613   0.00376399   
0.00155855   0.00379418   
0.00157107   0.00382461   
0.00158369   0.00385528   
0.00159641   0.0038862   
0.00160923   0.00391736   
0.00162215   0.00394878   
0.00163518   0.00398044   
0.00164832   0.00401236   
0.00166156   0.00404454   
0.0016749   0.00407697   
0.00168836   0.00410967   
0.00170192   0.00414262   
0.00171559   0.00417584   
0.00172937   0.00420932   
0.00174326   0.00424308   
0.00175726   0.0042771   
0.00177137   0.00431139   
0.0017856   0.00434596   
0.00179994   0.00438081   
0.0018144   0.00441593   
0.00182897   0.00445134   
0.00184366   0.00448703   
0.00185847   0.004523   
0.0018734   0.00455926   
0.00188845   0.00459582   
0.00190362   0.00463266   
0.00191891   0.0046698   
0.00193432   0.00470724   
0.00194986   0.00474498   
0.00196552   0.00478301   
0.0019813   0.00482136   
0.00199722   0.00486001   
0.00201326   0.00489896   
0.00202943   0.00493823   
0.00204573   0.00497782   
0.00206216   0.00501772   
0.00207873   0.00505794   
0.00209542   0.00509848   
0.00211225   0.00513935   
0.00212922   0.00518054   
0.00214632   0.00522206   
0.00216356   0.00526392   
0.00218094   0.00530611   
0.00219846   0.00534863   
0.00221611   0.0053915   
0.00223391   0.00543471   
0.00225186   0.00547826   
0.00226994   0.00552217   
0.00228818   0.00556642   
0.00230656   0.00561103   
0.00232508   0.00565599   
0.00234376   0.00570132   
0.00236258   0.005747   
0.00238156   0.00579305   
0.00240069   0.00583947   
0.00241997   0.00588626   
0.00243941   0.00593343   
0.002459   0.00598097   
0.00247875   0.00602889   
0.00249866   0.00607719   
0.00251873   0.00612588   
0.00253896   0.00617496   
0.00255936   0.00622443   
0.00257991   0.0062743   
0.00260063   0.00632457   
0.00262152   0.00637523   
0.00264258   0.0064263   
0.0026638   0.00647778   
0.0026852   0.00652967   
0.00270677   0.00658198   
0.00272851   0.0066347   
0.00275042   0.00668785   
0.00277252   0.00674141   
0.00279479   0.00679541   
0.00281723   0.00684984   
0.00283986   0.0069047   
0.00286267   0.00696   
0.00288566   0.00701574   
0.00290884   0.00707193   
0.00293221   0.00712857   
0.00295576   0.00718565   
0.0029795   0.0072432   
0.00300343   0.0073012   
0.00302755   0.00735967   
0.00305187   0.0074186   
0.00307639   0.007478   
0.0031011   0.00753788   
0.003126   0.00759823   
0.00315111   0.00765907   
0.00317642   0.00772039   
0.00320193   0.0077822   
0.00322765   0.00784451   
0.00325358   0.00790731   
0.00327971   0.00797061   
0.00330605   0.00803442   
0.00333261   0.00809874   
0.00335938   0.00816357   
0.00338636   0.00822892   
0.00341356   0.00829479   
0.00344098   0.00836118   
0.00346861   0.0084281   
0.00349647   0.00849556   
0.00352456   0.00856356   
0.00355287   0.00863209   
0.00358141   0.00870118   
0.00361017   0.00877081   
0.00363917   0.008841   
0.0036684   0.00891175   
0.00369786   0.00898307   
0.00372757   0.00905495   
0.00375751   0.0091274   
0.00378769   0.00920044   
0.00381811   0.00927405   
0.00384878   0.00934825   
0.00387969   0.00942304   
0.00391085   0.00949843   
0.00394226   0.00957442   
0.00397393   0.00965102   
0.00400585   0.00972822   
0.00403802   0.00980604   
0.00407046   0.00988448   
0.00410315   0.00996355   
0.00413611   0.0100432   
0.00416933   0.0101236   
0.00420282   0.0102045   
0.00423658   0.0102862   
0.0042706   0.0103684   
0.00430491   0.0104513   
0.00433948   0.0105349   
0.00437434   0.0106192   
0.00440947   0.0107041   
0.00444489   0.0107897   
0.00448059   0.0108759   
0.00451658   0.0109629   
0.00455286   0.0110505   
0.00458943   0.0111389   
0.00462629   0.0112279   
0.00466345   0.0113177   
0.00470091   0.0114082   
0.00473866   0.0114994   
0.00477673   0.0115913   
0.00481509   0.0116839   
0.00485377   0.0117773   
0.00489275   0.0118714   
0.00493205   0.0119663   
0.00497167   0.012062   
0.0050116   0.0121583   
0.00505185   0.0122555   
0.00509243   0.0123534   
0.00513333   0.0124521   
0.00517457   0.0125516   
0.00521613   0.0126519   
0.00525802   0.012753   
0.00530026   0.0128549   
0.00534283   0.0129576   
0.00538574   0.0130611   
0.005429   0.0131654   
0.00547261   0.0132706   
0.00551656   0.0133766   
0.00556087   0.0134834   
0.00560554   0.0135911   
0.00565056   0.0136996   
0.00569595   0.013809   
0.0057417   0.0139193   
0.00578782   0.0140305   
0.00583431   0.0141425   
0.00588117   0.0142554   
0.00592841   0.0143692   
0.00597602   0.0144839   
0.00602402   0.0145996   
0.00607241   0.0147161   
0.00612118   0.0148336   
0.00617035   0.014952   
0.00621991   0.0150713   
0.00626987   0.0151916   
0.00632023   0.0153128   
0.00637099   0.015435   
0.00642216   0.0155582   
0.00647375   0.0156824   
0.00652575   0.0158075   
0.00657816   0.0159336   
0.006631   0.0160607   
0.00668426   0.0161889   
0.00673795   0.016318   
0.00679207   0.0164482   
0.00684662   0.0165794   
0.00690161   0.0167116   
0.00695705   0.0168449   
0.00701293   0.0169792   
0.00706926   0.0171146   
0.00712604   0.0172511   
0.00718327   0.0173886   
0.00724097   0.0175273   
0.00729913   0.017667   
0.00735776   0.0178079   
0.00741686   0.0179498   
0.00747643   0.0180929   
0.00753648   0.0182371   
0.00759701   0.0183825   
0.00765803   0.018529   
0.00771954   0.0186766   
0.00778155   0.0188255   
0.00784405   0.0189755   
0.00790705   0.0191267   
0.00797056   0.019279   
0.00803458   0.0194326   
0.00809912   0.0195874   
0.00816417   0.0197435   
0.00822975   0.0199007   
0.00829585   0.0200592   
0.00836248   0.020219   
0.00842965   0.02038   
0.00849736   0.0205423   
0.00856561   0.0207058   
0.00863441   0.0208707   
0.00870376   0.0210368   
0.00877367   0.0212043   
0.00884414   0.0213731   
0.00891518   0.0215432   
0.00898679   0.0217147   
0.00905897   0.0218875   
0.00913173   0.0220616   
0.00920508   0.0222372   
0.00927901   0.0224141   
0.00935354   0.0225924   
0.00942867   0.0227722   
0.0095044   0.0229533   
0.00958074   0.0231359   
0.0096577   0.0233199   
0.00973527   0.0235054   
0.00981346   0.0236923   
0.00989229   0.0238807   
0.00997174   0.0240705   
0.0100518   0.0242619   
0.0101326   0.0244548   
0.010214   0.0246491   
0.010296   0.0248451   
0.0103787   0.0250425   
0.0104621   0.0252415   
0.0105461   0.0254421   
0.0106308   0.0256442   
0.0107162   0.025848   
0.0108023   0.0260533   
0.010889   0.0262603   
0.0109765   0.0264688   
0.0110646   0.026679   
0.0111535   0.0268909   
0.0112431   0.0271044   
0.0113334   0.0273196   
0.0114244   0.0275365   
0.0115162   0.0277551   
0.0116087   0.0279754   
0.0117019   0.0281974   
0.0117959   0.0284212   
0.0118907   0.0286467   
0.0119862   0.028874   
0.0120825   0.0291031   
0.0121795   0.029334   
0.0122773   0.0295666   
0.012376   0.0298011   
0.0124754   0.0300375   
0.0125756   0.0302756   
0.0126766   0.0305157   
0.0127784   0.0307576   
0.012881   0.0310014   
0.0129845   0.0312472   
0.0130888   0.0314948   
0.0131939   0.0317444   
0.0132999   0.0319959   
0.0134067   0.0322494   
0.0135144   0.0325049   
0.0136229   0.0327623   
0.0137324   0.0330218   
0.0138427   0.0332833   
0.0139538   0.0335469   
0.0140659   0.0338125   
0.0141789   0.0340801   
0.0142928   0.0343499   
0.0144076   0.0346217   
0.0145233   0.0348957   
0.01464   0.0351718   
0.0147576   0.0354501   
0.0148761   0.0357305   
0.0149956   0.0360132   
0.015116   0.036298   
0.0152374   0.036585   
0.0153598   0.0368743   
0.0154832   0.0371658   
0.0156076   0.0374596   
0.0157329   0.0377556   
0.0158593   0.038054   
0.0159867   0.0383547   
0.0161151   0.0386577   
0.0162445   0.0389631   
0.016375   0.0392708   
0.0165065   0.039581   
0.0166391   0.0398935   
0.0167727   0.0402085   
0.0169075   0.0405259   
0.0170433   0.0408457   
0.0171802   0.0411681   
0.0173182   0.0414929   
0.0174573   0.0418203   
0.0175975   0.0421502   
0.0177388   0.0424826   
0.0178813   0.0428176   
0.0180249   0.0431552   
0.0181697   0.0434955   
0.0183156   0.0438383   
0.0184628   0.0441838   
0.018611   0.044532   
0.0187605   0.0448828   
0.0189112   0.0452364   
0.0190631   0.0455927   
0.0192162   0.0459518   
0.0193706   0.0463136   
0.0195262   0.0466782   
0.019683   0.0470456   
0.0198411   0.0474158   
0.0200005   0.0477889   
0.0201611   0.0481649   
0.020323   0.0485438   
0.0204863   0.0489256   
0.0206508   0.0493103   
0.0208167   0.0496979   
0.0209839   0.0500886   
0.0211524   0.0504823   
0.0213223   0.0508789   
0.0214936   0.0512787   
0.0216662   0.0516815   
0.0218403   0.0520873   
0.0220157   0.0524963   
0.0221925   0.0529085   
0.0223708   0.0533238   
0.0225505   0.0537422   
0.0227316   0.0541639   
0.0229142   0.0545888   
0.0230982   0.055017   
0.0232837   0.0554484   
0.0234708   0.0558831   
0.0236593   0.0563212   
0.0238493   0.0567626   
0.0240409   0.0572073   
0.024234   0.0576555   
0.0244286   0.0581071   
0.0246248   0.0585621   
0.0248226   0.0590206   
0.025022   0.0594826   
0.025223   0.0599481   
0.0254256   0.0604171   
0.0256298   0.0608897   
0.0258356   0.0613659   
0.0260432   0.0618457   
0.0262523   0.0623292   
0.0264632   0.0628164   
0.0266758   0.0633072   
0.02689   0.0638018   
0.027106   0.0643001   
0.0273237   0.0648022   
0.0275432   0.0653081   
0.0277644   0.0658178   
0.0279874   0.0663314   
0.0282122   0.0668488   
0.0284388   0.0673702   
0.0286672   0.0678955   
0.0288975   0.0684248   
0.0291296   0.0689581   
0.0293636   0.0694954   
0.0295994   0.0700368   
0.0298372   0.0705822   
0.0300768   0.0711318   
0.0303184   0.0716855   
0.0305619   0.0722433   
0.0308074   0.0728054   
0.0310549   0.0733717   
0.0313043   0.0739422   
0.0315557   0.074517   
0.0318092   0.0750961   
0.0320647   0.0756796   
0.0323222   0.0762674   
0.0325818   0.0768597   
0.0328435   0.0774564   
0.0331073   0.0780575   
0.0333733   0.0786631   
0.0336413   0.0792733   
0.0339115   0.079888   
0.0341839   0.0805073   
0.0344585   0.0811313   
0.0347353   0.0817598   
0.0350143   0.0823931   
0.0352955   0.0830311   
0.035579   0.0836738   
0.0358648   0.0843213   
0.0361528   0.0849736   
0.0364432   0.0856308   
0.0367359   0.0862928   
0.037031   0.0869597   
0.0373284   0.0876316   
0.0376283   0.0883085   
0.0379305   0.0889903   
0.0382352   0.0896773   
0.0385423   0.0903692   
0.0388518   0.0910663   
0.0391639   0.0917686   
0.0394785   0.092476   
0.0397956   0.0931886   
0.0401152   0.0939065   
0.0404374   0.0946296   
0.0407622   0.0953581   
0.0410896   0.0960919   
0.0414196   0.0968311   
0.0417523   0.0975757   
0.0420877   0.0983258   
0.0424257   0.0990814   
0.0427665   0.0998425   
0.04311   0.100609   
0.0434563   0.101381   
0.0438053   0.102159   
0.0441572   0.102943   
0.0445118   0.103732   
0.0448694   0.104527   
0.0452298   0.105328   
0.045593   0.106135   
0.0459593   0.106947   
0.0463284   0.107766   
0.0467005   0.10859   
0.0470756   0.10942   
0.0474537   0.110256   
0.0478349   0.111099   
0.0482191   0.111947   
0.0486064   0.112802   
0.0489968   0.113662   
0.0493904   0.114529   
0.0497871   0.115402   
0.050187   0.116282   
0.0505901   0.117168   
0.0509964   0.11806   
0.051406   0.118958   
0.0518189   0.119863   
0.0522351   0.120774   
0.0526547   0.121692   
0.0530776   0.122617   
0.0535039   0.123548   
0.0539337   0.124486   
0.0543669   0.12543   
0.0548036   0.126381   
0.0552438   0.127339   
0.0556875   0.128303   
0.0561348   0.129275   
0.0565856   0.130253   
0.0570401   0.131238   
0.0574983   0.13223   
0.0579601   0.13323   
0.0584257   0.134236   
0.0588949   0.135249   
0.059368   0.136269   
0.0598448   0.137297   
0.0603255   0.138332   
0.0608101   0.139374   
0.0612985   0.140423   
0.0617908   0.14148   
0.0622872   0.142544   
0.0627875   0.143615   
0.0632918   0.144694   
0.0638001   0.14578   
0.0643126   0.146874   
0.0648291   0.147976   
0.0653499   0.149085   
0.0658748   0.150202   
0.0664039   0.151326   
0.0669372   0.152458   
0.0674749   0.153598   
0.0680168   0.154746   
0.0685632   0.155902   
0.0691139   0.157065   
0.069669   0.158237   
0.0702286   0.159417   
0.0707927   0.160604   
0.0713613   0.1618   
0.0719344   0.163004   
0.0725122   0.164216   
0.0730947   0.165436   
0.0736818   0.166665   
0.0742736   0.167902   
0.0748701   0.169147   
0.0754715   0.170401   
0.0760777   0.171663   
0.0766888   0.172933   
0.0773047   0.174212   
0.0779257   0.1755   
0.0785516   0.176796   
0.0791825   0.178101   
0.0798185   0.179414   
0.0804596   0.180737   
0.0811059   0.182068   
0.0817573   0.183407   
0.082414   0.184756   
0.083076   0.186114   
0.0837432   0.18748   
0.0844159   0.188856   
0.0850939   0.19024   
0.0857774   0.191634   
0.0864663   0.193037   
0.0871609   0.194449   
0.0878609   0.19587   
0.0885666   0.1973   
0.089278   0.19874   
0.0899951   0.200189   
0.090718   0.201647   
0.0914466   0.203115   
0.0921811   0.204592   
0.0929215   0.206079   
0.0936679   0.207575   
0.0944202   0.209081   
0.0951786   0.210596   
0.0959431   0.212121   
0.0967137   0.213656   
0.0974905   0.2152   
0.0982736   0.216754   
0.0990629   0.218318   
0.0998586   0.219892   
0.100661   0.221476   
0.101469   0.223069   
0.102284   0.224673   
0.103106   0.226286   
0.103934   0.22791   
0.104769   0.229543   
0.10561   0.231187   
0.106459   0.232841   
0.107314   0.234505   
0.108176   0.236179   
0.109044   0.237863   
0.10992   0.239558   
0.110803   0.241263   
0.111693   0.242979   
0.11259   0.244704   
0.113495   0.246441   
0.114406   0.248187   
0.115325   0.249944   
0.116251   0.251712   
0.117185   0.25349   
0.118126   0.255279   
0.119075   0.257078   
0.120032   0.258888   
0.120996   0.260708   
0.121968   0.26254   
0.122947   0.264382   
0.123935   0.266234   
0.12493   0.268098   
0.125934   0.269972   
0.126945   0.271857   
0.127965   0.273753   
0.128993   0.27566   
0.130029   0.277578   
0.131073   0.279506   
0.132126   0.281446   
0.133187   0.283397   
0.134257   0.285358   
0.135335   0.287331   
0.136422   0.289314   
0.137518   0.291309   
0.138623   0.293314   
0.139736   0.295331   
0.140858   0.297359   
0.14199   0.299398   
0.14313   0.301448   
0.14428   0.303509   
0.145439   0.305581   
0.146607   0.307664   
0.147785   0.309759   
0.148972   0.311865   
0.150168   0.313982   
0.151374   0.31611   
0.15259   0.318249   
0.153816   0.3204   
0.155051   0.322561   
0.156297   0.324734   
0.157552   0.326918   
0.158817   0.329114   
0.160093   0.33132   
0.161379   0.333538   
0.162675   0.335767   
0.163982   0.338007   
0.165299   0.340259   
0.166627   0.342521   
0.167965   0.344795   
0.169314   0.34708   
0.170674   0.349376   
0.172045   0.351684   
0.173427   0.354002   
0.17482   0.356332   
0.176224   0.358672   
0.177639   0.361024   
0.179066   0.363387   
0.180504   0.365761   
0.181954   0.368146   
0.183416   0.370542   
0.184889   0.372949   
0.186374   0.375367   
0.187871   0.377796   
0.18938   0.380236   
0.190901   0.382686   
0.192434   0.385148   
0.19398   0.38762   
0.195538   0.390103   
0.197109   0.392597   
0.198692   0.395101   
0.200288   0.397616   
0.201897   0.400142   
0.203518   0.402678   
0.205153   0.405225   
0.206801   0.407782   
0.208462   0.41035   
0.210136   0.412928   
0.211824   0.415516   
0.213525   0.418115   
0.21524   0.420723   
0.216969   0.423342   
0.218712   0.425971   
0.220469   0.42861   
0.222239   0.431259   
0.224024   0.433917   
0.225824   0.436586   
0.227638   0.439264   
0.229466   0.441951   
0.231309   0.444649   
0.233167   0.447355   
0.23504   0.450071   
0.236928   0.452796   
0.238831   0.455531   
0.240749   0.458274   
0.242683   0.461027   
0.244632   0.463788   
0.246597   0.466558   
0.248578   0.469337   
0.250574   0.472125   
0.252587   0.47492   
0.254616   0.477725   
0.256661   0.480537   
0.258722   0.483358   
0.2608   0.486186   
0.262895   0.489023   
0.265007   0.491867   
0.267135   0.494718   
0.269281   0.497578   
0.271444   0.500444   
0.273624   0.503318   
0.275822   0.506199   
0.278037   0.509086   
0.280271   0.511981   
0.282522   0.514882   
0.284791   0.517789   
0.287078   0.520703   
0.289384   0.523623   
0.291709   0.526549   
0.294052   0.52948   
0.296413   0.532418   
0.298794   0.53536   
0.301194   0.538308   
0.303613   0.541261   
0.306052   0.544219   
0.30851   0.547181   
0.310988   0.550148   
0.313486   0.553119   
0.316004   0.556094   
0.318542   0.559074   
0.321101   0.562056   
0.32368   0.565042   
0.32628   0.568032   
0.328901   0.571024   
0.331542   0.574019   
0.334205   0.577017   
0.33689   0.580017   
0.339596   0.583019   
0.342323   0.586023   
0.345073   0.589028   
0.347844   0.592035   
0.350638   0.595042   
0.353455   0.598051   
0.356294   0.60106   
0.359155   0.604069   
0.36204   0.607078   
0.364948   0.610087   
0.367879   0.613095   
0.370834   0.616102   
0.373813   0.619108   
0.376815   0.622113   
0.379842   0.625116   
0.382893   0.628116   
0.385968   0.631115   
0.389068   0.63411   
0.392193   0.637103   
0.395344   0.640092   
0.398519   0.643077   
0.40172   0.646059   
0.404947   0.649035   
0.408199   0.652008   
0.411478   0.654975   
0.414783   0.657936   
0.418114   0.660892   
0.421473   0.663842   
0.424858   0.666785   
0.428271   0.669721   
0.431711   0.67265   
0.435178   0.675571   
0.438673   0.678484   
0.442197   0.681388   
0.445749   0.684284   
0.449329   0.68717   
0.452938   0.690046   
0.456576   0.692913   
0.460243   0.695769   
0.46394   0.698613   
0.467666   0.701447   
0.471423   0.704268   
0.475209   0.707077   
0.479026   0.709874   
0.482874   0.712657   
0.486752   0.715426   
0.490662   0.718181   
0.494603   0.720922   
0.498576   0.723647   
0.50258   0.726357   
0.506617   0.729051   
0.510686   0.731728   
0.514788   0.734388   
0.518923   0.73703   
0.523091   0.739655   
0.527292   0.74226   
0.531528   0.744847   
0.535797   0.747414   
0.540101   0.74996   
0.544439   0.752486   
0.548812   0.754991   
0.55322   0.757474   
0.557663   0.759934   
0.562142   0.762371   
0.566658   0.764785   
0.571209   0.767175   
0.575797   0.76954   
0.580422   0.77188   
0.585084   0.774194   
0.589783   0.776482   
0.594521   0.778742   
0.599296   0.780975   
0.604109   0.78318   
0.608962   0.785356   
0.613853   0.787502   
0.618783   0.789619   
0.623754   0.791704   
0.628764   0.793758   
0.633814   0.795781   
0.638905   0.79777   
0.644036   0.799727   
0.649209   0.801649   
0.654424   0.803537   
0.65968   0.80539   
0.664979   0.807207   
0.67032   0.808987   
0.675704   0.81073   
0.681131   0.812435   
0.686602   0.814102   
0.692117   0.815729   
0.697676   0.817316   
0.70328   0.818863   
0.708929   0.820368   
0.714623   0.821832   
0.720363   0.823252   
0.726149   0.824629   
0.731982   0.825962   
0.737861   0.82725   
0.743787   0.828493   
0.749762   0.829689   
0.755784   0.830838   
0.761854   0.83194   
0.767974   0.832993   
0.774142   0.833997   
0.78036   0.834951   
0.786628   0.835854   
0.792946   0.836706   
0.799315   0.837506   
0.805735   0.838253   
0.812207   0.838946   
0.818731   0.839585   
0.825307   0.840169   
0.831936   0.840697   
0.838618   0.841169   
0.845354   0.841584   
0.852144   0.84194   
0.858988   0.842238   
0.865888   0.842477   
0.872843   0.842655   
0.879853   0.842772   
0.88692   0.842828   
0.894044   0.842821   
0.901225   0.842751   
0.908464   0.842618   
0.915761   0.842419   
0.923116   0.842156   
0.930531   0.841827   
0.938005   0.841431   
0.945539   0.840967   
0.953134   0.840436   
0.960789   0.839836   
0.968507   0.839166   
0.976286   0.838427   
0.984127   0.837616   
0.992032   0.836734   
1   0.83578   
1.00803   0.834754   
1.01613   0.833654   
1.02429   0.832479   
1.03252   0.831231   
1.04081   0.829907   
1.04917   0.828507   
1.0576   0.827031   
1.06609   0.825478   
1.07466   0.823847   
1.08329   0.822138   
1.09199   0.820351   
1.10076   0.818484   
1.1096   0.816538   
1.11851   0.814512   
1.1275   0.812405   
1.13655   0.810217   
1.14568   0.807948   
1.15488   0.805596   
1.16416   0.803163   
1.17351   0.800647   
1.18294   0.798047   
1.19244   0.795365   
1.20202   0.792599   
1.21167   0.789749   
1.2214   0.786814   
1.23121   0.783796   
1.2411   0.780693   
1.25107   0.777505   
1.26112   0.774232   
1.27125   0.770874   
1.28146   0.767431   
1.29175   0.763903   
1.30213   0.76029   
1.31259   0.756592   
1.32313   0.752808   
1.33376   0.74894   
1.34447   0.744987   
1.35527   0.740948   
1.36615   0.736826   
1.37713   0.732619   
1.38819   0.728328   
1.39934   0.723953   
1.41058   0.719495   
1.42191   0.714953   
1.43333   0.71033   
1.44484   0.705624   
1.45645   0.700836   
1.46815   0.695968   
1.47994   0.691019   
1.49182   0.68599   
1.50381   0.680883   
1.51589   0.675697   
1.52806   0.670433   
1.54034   0.665093   
1.55271   0.659678   
1.56518   0.654187   
1.57775   0.648622   
1.59042   0.642985   
1.6032   0.637276   
1.61607   0.631497   
1.62905   0.625648   
1.64214   0.61973   
1.65533   0.613746   
1.66863   0.607697   
1.68203   0.601583   
1.69554   0.595407   
1.70916   0.589169   
1.72288   0.582872   
1.73672   0.576516   
1.75067   0.570104   
1.76473   0.563637   
1.77891   0.557117   
1.7932   0.550545   
1.8076   0.543924   
1.82212   0.537256   
1.83675   0.530541   
1.85151   0.523783   
1.86638   0.516983   
1.88137   0.510144   
1.89648   0.503266   
1.91171   0.496354   
1.92707   0.489408   
1.94255   0.482431   
1.95815   0.475425   
1.97388   0.468393   
1.98973   0.461336   
2.00571   0.454258   
2.02182   0.447161   
2.03806   0.440048   
2.05443   0.43292   
2.07093   0.42578   
2.08757   0.418632   
2.10434   0.411477   
2.12124   0.404318   
2.13828   0.397159   
2.15545   0.390002   
2.17276   0.382849   
2.19022   0.375704   
2.20781   0.368569   
2.22554   0.361447   
2.24342   0.354342   
2.26144   0.347255   
2.2796   0.34019   
2.29791   0.333151   
2.31637   0.326139   
2.33497   0.319158   
2.35373   0.31221   
2.37263   0.3053   
2.39169   0.298429   
2.4109   0.291601   
2.43026   0.284819   
2.44978   0.278085   
2.46946   0.271403   
2.4893   0.264775   
2.50929   0.258204   
2.52945   0.251693   
2.54976   0.245245   
2.57024   0.238863   
2.59089   0.232548   
2.6117   0.226304   
2.63267   0.220134   
2.65382   0.214039   
2.67514   0.208022   
2.69662   0.202085   
2.71828   0.196231   
2.74012   0.190462   
2.76212   0.184779   
2.78431   0.179185   
2.80667   0.173681   
2.82922   0.168269   
2.85194   0.162951   
2.87485   0.157728   
2.89794   0.152601   
2.92122   0.147572   
2.94468   0.142642   
2.96833   0.137811   
2.99217   0.133081   
3.01621   0.128452   
3.04043   0.123925   
3.06485   0.1195   
3.08947   0.115178   
3.11429   0.110959   
3.1393   0.106843   
3.16452   0.102829   
3.18993   0.0989183   
3.21556   0.0951099   
3.24138   0.0914036   
3.26742   0.0877987   
3.29366   0.0842948   
3.32012   0.0808909   
3.34678   0.0775864   
3.37367   0.0743803   
3.40076   0.0712715   
3.42808   0.068259   
3.45561   0.0653415   
3.48337   0.0625177   
3.51135   0.0597864   
3.53955   0.057146   
3.56798   0.0545951   
3.59664   0.0521322   
3.62553   0.0497556   
3.65465   0.0474637   
3.684   0.0452547   
3.71359   0.0431271   
3.74342   0.0410789   
3.77349   0.0391084   
3.8038   0.0372137   
3.83435   0.035393   
3.86515   0.0336445   
3.89619   0.0319663   
3.92749   0.0303564   
3.95903   0.028813   
3.99083   0.0273343   
4.02289   0.0259182   
4.0552   0.024563   
4.08777   0.0232668   
4.12061   0.0220278   
4.1537   0.020844   
4.18706   0.0197137   
4.2207   0.0186351   
4.2546   0.0176064   
4.28877   0.0166258   
4.32322   0.0156917   
4.35794   0.0148023   
4.39295   0.0139561   
4.42823   0.0131513   
4.4638   0.0123863   
4.49965   0.0116597   
4.53579   0.0109699   
4.57223   0.0103153   
4.60895   0.00969462   
4.64597   0.00910636   
4.68329   0.00854916   
4.7209   0.00802169   
4.75882   0.00752264   
4.79704   0.00705077   
4.83557   0.00660484   
4.87441   0.00618367   
4.91357   0.00578613   
4.95303   0.00541111   
4.99282   0.00505754   
5.03292   0.00472438   
5.07334   0.00441065   
5.11409   0.00411539   
5.15517   0.00383768   
5.19658   0.00357662   
5.23832   0.00333137   
5.28039   0.00310111   
5.3228   0.00288506   
5.36556   0.00268245   
5.40865   0.00249258   
5.4521   0.00231475   
5.49589   0.0021483   
5.54003   0.00199259   
5.58453   0.00184703   
5.62938   0.00171104   
5.6746   0.00158407   
5.72018   0.0014656   
5.76612   0.00135513   
5.81244   0.00125219   
5.85912   0.00115632   
5.90618   0.0010671   
5.95362   0.000984124   
6.00144   0.000907002   
6.04965   0.000835369   
6.09824   0.000768881   
6.14722   0.000707209   
6.1966   0.000650043   
6.24637   0.000597091   
6.29654   0.000548075   
6.34711   0.000502734   
6.39809   0.000460822   
6.44948   0.000422108   
6.50129   0.000386372   
6.5535   0.000353409   
6.60614   0.000323025   
6.6592   0.00029504   
6.71269   0.000269282   
6.76661   0.000245592   
6.82096   0.00022382   
6.87574   0.000203826   
6.93097   0.000185478   
6.98664   0.000168653   
7.04276   0.000153237   
7.09933   0.000139123   
7.15635   0.00012621   
7.21383   0.000114407   
7.27177   0.000103625   
7.33018   9.37846e-05   
7.38906   8.48106e-05   
7.44841   7.66332e-05   
7.50823   6.91879e-05   
7.56854   6.24146e-05   
7.62933   5.62577e-05   
7.69061   5.06659e-05   
7.75238   4.55915e-05   
7.81465   4.09905e-05   
7.87742   3.68223e-05   
7.94069   3.30495e-05   
8.00447   2.96375e-05   
8.06876   2.65544e-05   
8.13357   2.37711e-05   
8.1989   2.12606e-05   
8.26475   1.89982e-05   
8.33114   1.69612e-05   
8.39805   1.51288e-05   
8.46551   1.3482e-05   
8.5335   1.20033e-05   
8.60205   1.06768e-05   
8.67114   9.48801e-06   
8.74078   8.42357e-06   
8.81099   7.4714e-06   
8.88176   6.62048e-06   
8.9531   5.86077e-06   
9.02501   5.18317e-06   
9.0975   4.57938e-06   
9.17058   4.04191e-06   
9.24423   3.56394e-06   
9.31848   3.13932e-06   
9.39333   2.76247e-06   
9.46878   2.42836e-06   
9.54483   2.13245e-06   
9.6215   1.87065e-06   
9.69878   1.63926e-06   
9.77668   1.43498e-06   
9.85521   1.2548e-06   
9.93437   1.09607e-06   
10.0142   9.56379e-07   
10.0946   8.33577e-07   
10.1757   7.25742e-07   
10.2574   6.31154e-07   
10.3398   5.48279e-07   
10.4228   4.75747e-07   
10.5066   4.1234e-07   
10.591   3.56974e-07   
10.676   3.08684e-07   
10.7618   2.66616e-07   
10.8482   2.30009e-07   
10.9353   1.98194e-07   
11.0232   1.70575e-07   
11.1117   1.46628e-07   
11.201   1.2589e-07   
11.2909   1.07953e-07   
11.3816   9.24569e-08   
11.473   7.90869e-08   
11.5652   6.75655e-08   
11.6581   5.76496e-08   
11.7517   4.91263e-08   
11.8461   4.18094e-08   
11.9413   3.55362e-08   
12.0372   3.01648e-08   
12.1339   2.55717e-08   
12.2313   2.16491e-08   
12.3296   1.83038e-08   
12.4286   1.54546e-08   
12.5284   1.30312e-08   
12.6291   1.09727e-08   
12.7305   9.22664e-09   
12.8327   7.74765e-09   
12.9358   6.4966e-09   
13.0397   5.43987e-09   
13.1445   4.54854e-09   
13.25   3.79778e-09   
13.3565   3.16636e-09   
13.4637   2.63606e-09   
13.5719   2.19135e-09   
13.6809   1.81896e-09   
13.7908   1.50759e-09   
13.9015   1.24764e-09   
14.0132   1.03095e-09   
14.1258   8.50586e-10   
14.2392   7.00694e-10   
14.3536   5.76318e-10   
14.4689   4.73276e-10   
14.5851   3.88043e-10   
14.7022   3.17652e-10   
14.8203   2.59613e-10   
14.9394   2.11835e-10   
15.0594   1.72567e-10   
15.1803   1.40347e-10   
15.3023   1.13954e-10   
15.4252   9.23693e-11   
15.5491   7.47469e-11   
15.6739   6.03838e-11   
15.7998   4.86972e-11   
15.9267   3.92045e-11   
16.0547   3.15074e-11   
16.1836   2.52771e-11   
16.3136   2.02429e-11   
16.4446   1.61824e-11   
16.5767   1.29132e-11   
16.7099   1.02857e-11   
16.8441   8.17794e-12   
16.9794   6.49013e-12   
17.1158   5.1411e-12   
17.2532   4.06486e-12   
17.3918   3.20787e-12   
17.5315   2.52674e-12   
17.6723   1.98643e-12   
17.8143   1.55864e-12   
17.9574   1.2206e-12   
18.1016   9.53999e-13   
18.247   7.44154e-13   
18.3935   5.7931e-13   
18.5413   4.50076e-13   
18.6902   3.48963e-13   
18.8403   2.70014e-13   
18.9917   2.08496e-13   
19.1442   1.6066e-13   
19.298   1.2354e-13   
19.453   9.47966e-14   
19.6092   7.25859e-14   
19.7667   5.54601e-14   
19.9255   0   
20.0855   0   
20.2469   0   
20.4095   0   
20.5734   0   
20.7387   0   
20.9052   0   
21.0732   0   
21.2424   0   
21.413   0   
21.585   0   
21.7584   0   
21.9332   0   
22.1093   0   
22.2869   0   
22.4659   0   
22.6464   0   
22.8283   0   
23.0116   0   
23.1965   0   
23.3828   0   
23.5706   0   
23.7599   0   
23.9508   0   
24.1431   0   
24.3371   0   
24.5325   0   
24.7296   0   
24.9282   0   
25.1284   0   
25.3303   0   
25.5337   0   
25.7388   0   
25.9455   0   
26.1539   0   
26.364   0   
26.5758   0   
26.7892   0   
27.0044   0   
27.2213   0   
27.44   0   
27.6604   0   
27.8825   0   
28.1065   0   
28.3322   0   
28.5598   0   
28.7892   0   
29.0204   0   
29.2535   0   
29.4885   0   
29.7253   0   
29.9641   0   
30.2048   0   
30.4474   0   
30.6919   0   
30.9385   0   
31.187   0   
31.4375   0   
31.69   0   
31.9445   0   
32.2011   0   
32.4597   0   
32.7204   0   
32.9833   0   
33.2482   0   
33.5152   0   
33.7844   0   
34.0558   0   
34.3293   0   
34.6051   0   
34.883   0   
35.1632   0   
35.4456   0   
35.7303   0   
36.0173   0   
36.3066   0   
36.5982   0   
36.8922   0   
37.1885   0   
37.4872   0   
37.7883   0   
38.0918   0   
38.3978   0   
38.7062   0   
39.0171   0   
39.3305   0   
39.6464   0   
39.9648   0   
40.2858   0   
40.6094   0   
40.9356   0   
41.2644   0   
41.5958   0   
41.9299   0   
42.2667   0   
42.6062   0   
42.9484   0   
43.2934   0   
43.6411   0   
43.9917   0   
44.345   0   
44.7012   0   
45.0602   0   
45.4222   0   
45.787   0   
46.1548   0   
46.5255   0   
46.8992   0   
47.2759   0   
47.6556   0   
48.0384   0   
48.4242   0   
48.8132   0   
49.2052   0   
49.6005   0   
