0.4   0.940027      -0.128196      0.890742      0.962422   
0.42   0.935611      -0.135688      0.880449      0.958765   
0.44   0.931187      -0.143267      0.869811      0.954964   
0.46   0.926765      -0.150925      0.858847      0.951025   
0.48   0.922351      -0.158655      0.847574      0.94695   
0.5   0.917953      -0.16645      0.836008      0.942745   
0.52   0.913574      -0.174302      0.824167      0.938413   
0.54   0.909219      -0.182202      0.812068      0.933958   
0.56   0.904891      -0.190142      0.799727      0.929385   
0.58   0.900593      -0.198114      0.787162      0.924698   
0.6   0.896325      -0.206109      0.774388      0.919901   
0.62   0.892088      -0.214118      0.761421      0.914999   
0.64   0.887884      -0.222133      0.748278      0.909994   
0.66   0.883711      -0.230146      0.734973      0.904893   
0.68   0.879568      -0.238148      0.721522      0.899698   
0.7   0.875454      -0.24613      0.707939      0.894413   
0.72   0.871368      -0.254085      0.694238      0.889043   
0.74   0.867308      -0.262005      0.680434      0.883592   
0.76   0.863272      -0.269883      0.666541      0.878063   
0.78   0.859256      -0.277709      0.65257      0.872461   
0.8   0.85526      -0.285478      0.638536      0.866788   
0.82   0.851279      -0.293182      0.62445      0.861049   
0.84   0.847312      -0.300814      0.610325      0.855248   
0.86   0.843355      -0.308368      0.596172      0.849387   
0.88   0.839406      -0.315838      0.582003      0.843471   
0.9   0.835462      -0.323217      0.567827      0.837504   
0.92   0.831519      -0.3305      0.553657      0.831487   
0.94   0.827576      -0.337681      0.539501      0.825425   
0.96   0.823629      -0.344755      0.525369      0.819321   
0.98   0.819676      -0.351717      0.511271      0.813178   
1   0.815714      -0.358563      0.497215      0.806999   
1.02   0.811741      -0.365288      0.48321      0.800788   
1.04   0.807754      -0.371888      0.469263      0.794546   
1.06   0.803751      -0.37836      0.455384      0.788278   
1.08   0.799729      -0.384699      0.441578      0.781985   
1.1   0.795687      -0.390903      0.427853      0.775671   
1.12   0.791623      -0.396969      0.414216      0.769338   
1.14   0.787535      -0.402894      0.400673      0.762989   
1.16   0.783421      -0.408675      0.38723      0.756626   
1.18   0.77928      -0.41431      0.373893      0.750252   
1.2   0.775111      -0.419798      0.360666      0.743869   
1.22   0.770911      -0.425137      0.347556      0.737479   
1.24   0.766681      -0.430324      0.334566      0.731085   
1.26   0.762418      -0.435359      0.321702      0.724689   
1.28   0.758123      -0.440241      0.308967      0.718293   
1.3   0.753795      -0.444968      0.296365      0.711898   
1.32   0.749432      -0.44954      0.2839      0.705508   
1.34   0.745034      -0.453958      0.271576      0.699123   
1.36   0.740602      -0.458219      0.259394      0.692746   
1.38   0.736135      -0.462324      0.24736      0.686378   
1.4   0.731633      -0.466274      0.235474      0.680021   
1.42   0.727095      -0.470068      0.223739      0.673677   
1.44   0.722522      -0.473706      0.212158      0.667347   
1.46   0.717914      -0.47719      0.200733      0.661033   
1.48   0.713272      -0.480519      0.189465      0.654737   
1.5   0.708595      -0.483696      0.178356      0.648459   
1.52   0.703884      -0.486719      0.167407      0.642201   
1.54   0.69914      -0.489591      0.15662      0.635965   
1.56   0.694364      -0.492313      0.145995      0.629751   
1.58   0.689556      -0.494885      0.135535      0.623561   
1.6   0.684716      -0.49731      0.125238      0.617396   
1.62   0.679846      -0.499588      0.115107      0.611258   
1.64   0.674947      -0.501721      0.105141      0.605146   
1.66   0.670019      -0.503711      0.0953402      0.599063   
1.68   0.665064      -0.505559      0.0857057      0.593008   
1.7   0.660082      -0.507268      0.0762371      0.586984   
1.72   0.655075      -0.508838      0.0669344      0.580991   
1.74   0.650043      -0.510272      0.0577973      0.57503   
1.76   0.644989      -0.511571      0.0488257      0.569101   
1.78   0.639912      -0.512739      0.040019      0.563206   
1.8   0.634815      -0.513775      0.0313769      0.557344   
1.82   0.629698      -0.514684      0.0228987      0.551518   
1.84   0.624563      -0.515466      0.0145837      0.545726   
1.86   0.619411      -0.516125      0.00643118      0.539971   
1.88   0.614244      -0.516661      -0.00155966      0.534253   
1.9   0.609062      -0.517078      -0.00938975      0.528571   
1.92   0.603867      -0.517378      -0.0170601      0.522927   
1.94   0.59866      -0.517562      -0.0245717      0.517322   
1.96   0.593443      -0.517633      -0.0319257      0.511754   
1.98   0.588217      -0.517593      -0.0391233      0.506226   
2   0.582983      -0.517445      -0.0461657      0.500737   
2.02   0.577743      -0.517191      -0.0530541      0.495288   
2.04   0.572497      -0.516833      -0.05979      0.489879   
2.06   0.567248      -0.516373      -0.0663746      0.484511   
2.08   0.561996      -0.515814      -0.0728094      0.479183   
2.1   0.556743      -0.515158      -0.0790957      0.473895   
2.12   0.551489      -0.514407      -0.0852352      0.468649   
2.14   0.546238      -0.513564      -0.0912294      0.463445   
2.16   0.540988      -0.51263      -0.0970797      0.458282   
2.18   0.535743      -0.511609      -0.102788      0.45316   
2.2   0.530502      -0.510502      -0.108355      0.448081   
2.22   0.525268      -0.509311      -0.113783      0.443043   
2.24   0.520041      -0.508039      -0.119074      0.438048   
2.26   0.514823      -0.506689      -0.12423      0.433095   
2.28   0.509614      -0.505261      -0.129251      0.428184   
2.3   0.504416      -0.503758      -0.13414      0.423315   
2.32   0.499231      -0.502183      -0.138898      0.418489   
2.34   0.494058      -0.500538      -0.143528      0.413705   
2.36   0.488899      -0.498824      -0.14803      0.408964   
2.38   0.483755      -0.497044      -0.152406      0.404265   
2.4   0.478627      -0.4952      -0.156659      0.399608   
2.42   0.473516      -0.493293      -0.16079      0.394993   
2.44   0.468424      -0.491326      -0.164801      0.390421   
2.46   0.46335      -0.489302      -0.168694      0.385891   
2.48   0.458296      -0.48722      -0.172469      0.381404   
2.5   0.453263      -0.485085      -0.17613      0.376958   
2.52   0.448251      -0.482897      -0.179677      0.372554   
2.54   0.443262      -0.480658      -0.183113      0.368192   
2.56   0.438296      -0.478371      -0.186439      0.363872   
2.58   0.433354      -0.476037      -0.189657      0.359594   
2.6   0.428436      -0.473657      -0.192769      0.355357   
2.62   0.423544      -0.471234      -0.195777      0.351161   
2.64   0.418679      -0.46877      -0.198681      0.347006   
2.66   0.41384      -0.466265      -0.201485      0.342893   
2.68   0.409028      -0.463722      -0.204189      0.33882   
2.7   0.404245      -0.461143      -0.206795      0.334788   
2.72   0.39949      -0.458528      -0.209305      0.330797   
2.74   0.394765      -0.45588      -0.211721      0.326845   
2.76   0.390069      -0.453199      -0.214044      0.322934   
2.78   0.385404      -0.450489      -0.216276      0.319063   
2.8   0.38077      -0.447749      -0.218418      0.315232   
2.82   0.376167      -0.444982      -0.220473      0.311439   
2.84   0.371596      -0.442188      -0.222441      0.307687   
2.86   0.367057      -0.43937      -0.224325      0.303973   
2.88   0.362551      -0.436529      -0.226126      0.300298   
2.9   0.358078      -0.433665      -0.227845      0.296661   
2.92   0.353638      -0.430781      -0.229484      0.293063   
2.94   0.349232      -0.427878      -0.231044      0.289503   
2.96   0.344861      -0.424956      -0.232528      0.285981   
2.98   0.340523      -0.422017      -0.233936      0.282496   
3   0.336221      -0.419063      -0.235271      0.279049   
3.02   0.331953      -0.416093      -0.236533      0.275638   
3.04   0.327721      -0.413111      -0.237723      0.272265   
3.06   0.323523      -0.410116      -0.238845      0.268928   
3.08   0.319362      -0.40711      -0.239898      0.265627   
3.1   0.315237      -0.404093      -0.240884      0.262363   
3.12   0.311147      -0.401068      -0.241805      0.259134   
3.14   0.307094      -0.398034      -0.242661      0.25594   
3.16   0.303077      -0.394994      -0.243455      0.252782   
3.18   0.299097      -0.391947      -0.244188      0.249659   
3.2   0.295153      -0.388894      -0.244861      0.24657   
3.22   0.291246      -0.385838      -0.245475      0.243516   
3.24   0.287375      -0.382777      -0.246031      0.240495   
3.26   0.283541      -0.379715      -0.246531      0.237509   
3.28   0.279745      -0.37665      -0.246977      0.234556   
3.3   0.275985      -0.373585      -0.247368      0.231637   
3.32   0.272262      -0.370519      -0.247707      0.22875   
3.34   0.268576      -0.367454      -0.247995      0.225896   
3.36   0.264927      -0.36439      -0.248232      0.223075   
3.38   0.261315      -0.361329      -0.248421      0.220285   
3.4   0.257739      -0.35827      -0.248562      0.217528   
3.42   0.254201      -0.355215      -0.248656      0.214802   
3.44   0.250699      -0.352163      -0.248704      0.212107   
3.46   0.247234      -0.349117      -0.248708      0.209443   
3.48   0.243806      -0.346076      -0.248668      0.20681   
3.5   0.240415      -0.343041      -0.248586      0.204208   
3.52   0.23706      -0.340012      -0.248463      0.201635   
3.54   0.233741      -0.336991      -0.248299      0.199093   
3.56   0.230458      -0.333978      -0.248096      0.19658   
3.58   0.227212      -0.330972      -0.247855      0.194097   
3.6   0.224002      -0.327976      -0.247576      0.191642   
3.62   0.220827      -0.324988      -0.247261      0.189216   
3.64   0.217689      -0.322011      -0.246911      0.186819   
3.66   0.214586      -0.319043      -0.246526      0.18445   
3.68   0.211518      -0.316087      -0.246108      0.182109   
3.7   0.208486      -0.313141      -0.245657      0.179795   
3.72   0.205489      -0.310207      -0.245174      0.177509   
3.74   0.202526      -0.307284      -0.24466      0.17525   
3.76   0.199599      -0.304374      -0.244116      0.173018   
3.78   0.196706      -0.301477      -0.243543      0.170813   
3.8   0.193847      -0.298593      -0.242941      0.168633   
3.82   0.191022      -0.295722      -0.242312      0.16648   
3.84   0.188232      -0.292864      -0.241656      0.164353   
3.86   0.185475      -0.290021      -0.240974      0.162251   
3.88   0.182751      -0.287192      -0.240267      0.160174   
3.9   0.180061      -0.284377      -0.239536      0.158122   
3.92   0.177404      -0.281578      -0.23878      0.156095   
3.94   0.17478      -0.278793      -0.238002      0.154093   
3.96   0.172188      -0.276024      -0.237201      0.152115   
3.98   0.169629      -0.27327      -0.236379      0.15016   
4   0.167102      -0.270533      -0.235536      0.14823   
4.02   0.164607      -0.267811      -0.234672      0.146323   
4.04   0.162143      -0.265106      -0.233789      0.144439   
4.06   0.159711      -0.262417      -0.232887      0.142578   
4.08   0.157309      -0.259745      -0.231967      0.140739   
4.1   0.154939      -0.257089      -0.231029      0.138924   
4.12   0.152599      -0.254451      -0.230074      0.13713   
4.14   0.15029      -0.251829      -0.229103      0.135358   
4.16   0.148011      -0.249225      -0.228115      0.133609   
4.18   0.145761      -0.246639      -0.227113      0.13188   
4.2   0.143541      -0.24407      -0.226095      0.130173   
4.22   0.141351      -0.241519      -0.225064      0.128487   
4.24   0.139189      -0.238985      -0.224019      0.126822   
4.26   0.137056      -0.236469      -0.222961      0.125177   
4.28   0.134952      -0.233972      -0.22189      0.123553   
4.3   0.132876      -0.231492      -0.220807      0.121949   
4.32   0.130828      -0.229031      -0.219713      0.120364   
4.34   0.128807      -0.226588      -0.218608      0.1188   
4.36   0.126814      -0.224163      -0.217492      0.117255   
4.38   0.124848      -0.221757      -0.216366      0.115729   
4.4   0.122909      -0.219369      -0.21523      0.114222   
4.42   0.120997      -0.216999      -0.214085      0.112734   
4.44   0.11911      -0.214649      -0.212932      0.111264   
4.46   0.11725      -0.212316      -0.21177      0.109813   
4.48   0.115416      -0.210002      -0.2106      0.10838   
4.5   0.113607      -0.207707      -0.209423      0.106965   
4.52   0.111824      -0.20543      -0.208238      0.105567   
4.54   0.110065      -0.203172      -0.207047      0.104188   
4.56   0.108331      -0.200933      -0.20585      0.102825   
4.58   0.106622      -0.198712      -0.204647      0.10148   
4.6   0.104937      -0.19651      -0.203438      0.100152   
4.62   0.103275      -0.194327      -0.202224      0.0988399   
4.64   0.101638      -0.192162      -0.201005      0.0975449   
4.66   0.100023      -0.190016      -0.199782      0.0962662   
4.68   0.0984319      -0.187888      -0.198554      0.0950036   
4.7   0.0968635      -0.185779      -0.197323      0.093757   
4.72   0.0953176      -0.183689      -0.196088      0.0925263   
4.74   0.0937941      -0.181616      -0.19485      0.0913111   
4.76   0.0922926      -0.179563      -0.19361      0.0901113   
4.78   0.0908129      -0.177527      -0.192366      0.0889268   
4.8   0.0893547      -0.17551      -0.19112      0.0877574   
4.82   0.0879178      -0.173512      -0.189873      0.0866028   
4.84   0.0865019      -0.171531      -0.188623      0.0854629   
4.86   0.0851068      -0.169569      -0.187373      0.0843376   
4.88   0.0837322      -0.167625      -0.18612      0.0832266   
4.9   0.0823779      -0.165699      -0.184868      0.0821297   
4.92   0.0810436      -0.163791      -0.183614      0.0810469   
4.94   0.0797291      -0.161901      -0.18236      0.079978   
4.96   0.0784341      -0.160029      -0.181106      0.0789227   
4.98   0.0771584      -0.158174      -0.179851      0.0778809   
5   0.0759018      -0.156338      -0.178598      0.0768525   
5.02   0.0746639      -0.154519      -0.177344      0.0758373   
5.04   0.0734446      -0.152717      -0.176091      0.0748351   
5.06   0.0722437      -0.150933      -0.17484      0.0738457   
5.08   0.0710608      -0.149167      -0.173589      0.0728691   
5.1   0.0698958      -0.147417      -0.17234      0.0719051   
5.12   0.0687484      -0.145685      -0.171092      0.0709534   
5.14   0.0676185      -0.14397      -0.169846      0.070014   
5.16   0.0665057      -0.142272      -0.168602      0.0690867   
5.18   0.0654099      -0.140591      -0.16736      0.0681714   
5.2   0.0643308      -0.138927      -0.16612      0.0672679   
5.22   0.0632682      -0.13728      -0.164882      0.0663761   
5.24   0.0622218      -0.135649      -0.163647      0.0654958   
5.26   0.0611916      -0.134035      -0.162415      0.0646269   
5.28   0.0601772      -0.132437      -0.161186      0.0637692   
5.3   0.0591785      -0.130856      -0.15996      0.0629226   
5.32   0.0581952      -0.129291      -0.158737      0.062087   
5.34   0.0572271      -0.127742      -0.157517      0.0612622   
5.36   0.056274      -0.126209      -0.156301      0.0604482   
5.38   0.0553358      -0.124692      -0.155088      0.0596447   
5.4   0.0544122      -0.123191      -0.153879      0.0588516   
5.42   0.0535029      -0.121706      -0.152674      0.0580688   
5.44   0.0526079      -0.120236      -0.151473      0.0572963   
5.46   0.0517269      -0.118782      -0.150276      0.0565337   
5.48   0.0508597      -0.117343      -0.149083      0.0557811   
5.5   0.0500061      -0.115919      -0.147895      0.0550383   
5.52   0.049166      -0.11451      -0.14671      0.0543052   
5.54   0.0483391      -0.113117      -0.145531      0.0535817   
5.56   0.0475253      -0.111739      -0.144356      0.0528675   
5.58   0.0467243      -0.110375      -0.143186      0.0521627   
5.6   0.0459361      -0.109026      -0.14202      0.0514671   
5.62   0.0451604      -0.107692      -0.140859      0.0507806   
5.64   0.0443969      -0.106372      -0.139704      0.0501031   
5.66   0.0436457      -0.105066      -0.138553      0.0494345   
5.68   0.0429064      -0.103775      -0.137408      0.0487746   
5.7   0.042179      -0.102498      -0.136267      0.0481233   
5.72   0.0414632      -0.101235      -0.135132      0.0474805   
5.74   0.0407588      -0.0999862      -0.134003      0.0468462   
5.76   0.0400658      -0.0987509      -0.132879      0.0462202   
5.78   0.0393839      -0.0975294      -0.13176      0.0456025   
5.8   0.038713      -0.0963214      -0.130647      0.0449928   
5.82   0.0380528      -0.0951268      -0.129539      0.0443911   
5.84   0.0374034      -0.0939456      -0.128437      0.0437974   
5.86   0.0367645      -0.0927777      -0.127341      0.0432114   
5.88   0.0361359      -0.0916228      -0.12625      0.0426331   
5.9   0.0355175      -0.090481      -0.125166      0.0420625   
5.92   0.0349091      -0.089352      -0.124087      0.0414994   
5.94   0.0343106      -0.0882359      -0.123014      0.0409436   
5.96   0.0337219      -0.0871323      -0.121947      0.0403952   
5.98   0.0331428      -0.0860414      -0.120886      0.0398541   
6   0.0325731      -0.0849628      -0.119831      0.03932   
6.02   0.0320128      -0.0838966      -0.118782      0.038793   
6.04   0.0314616      -0.0828426      -0.117739      0.038273   
6.06   0.0309195      -0.0818007      -0.116703      0.0377598   
6.08   0.0303863      -0.0807707      -0.115672      0.0372534   
6.1   0.0298618      -0.0797527      -0.114648      0.0367537   
6.12   0.0293459      -0.0787464      -0.11363      0.0362606   
6.14   0.0288386      -0.0777517      -0.112618      0.035774   
6.16   0.0283396      -0.0767686      -0.111612      0.0352938   
6.18   0.0278489      -0.0757969      -0.110612      0.03482   
6.2   0.0273663      -0.0748366      -0.109619      0.0343525   
6.22   0.0268917      -0.0738874      -0.108632      0.0338911   
6.24   0.0264249      -0.0729494      -0.107652      0.0334359   
6.26   0.0259659      -0.0720223      -0.106678      0.0329867   
6.28   0.0255145      -0.0711061      -0.10571      0.0325435   
6.3   0.0250707      -0.0702007      -0.104748      0.0321061   
6.32   0.0246342      -0.069306      -0.103793      0.0316745   
6.34   0.024205      -0.0684219      -0.102845      0.0312487   
6.36   0.023783      -0.0675482      -0.101902      0.0308285   
6.38   0.023368      -0.0666848      -0.100966      0.0304139   
6.4   0.02296      -0.0658318      -0.100037      0.0300048   
6.42   0.0225588      -0.0649888      -0.0991133      0.0296011   
6.44   0.0221643      -0.0641559      -0.0981965      0.0292028   
6.46   0.0217765      -0.063333      -0.097286      0.0288098   
6.48   0.0213952      -0.0625199      -0.096382      0.028422   
6.5   0.0210202      -0.0617165      -0.0954843      0.0280393   
6.52   0.0206516      -0.0609228      -0.094593      0.0276618   
6.54   0.0202893      -0.0601386      -0.0937081      0.0272893   
6.56   0.019933      -0.0593639      -0.0928296      0.0269217   
6.58   0.0195827      -0.0585985      -0.0919574      0.0265591   
6.6   0.0192384      -0.0578424      -0.0910916      0.0262013   
6.62   0.0188999      -0.0570954      -0.0902321      0.0258482   
6.64   0.0185672      -0.0563574      -0.089379      0.0254998   
6.66   0.01824      -0.0556284      -0.0885322      0.0251561   
6.68   0.0179185      -0.0549083      -0.0876917      0.024817   
6.7   0.0176024      -0.0541969      -0.0868575      0.0244824   
6.72   0.0172916      -0.0534942      -0.0860296      0.0241523   
6.74   0.0169862      -0.0528001      -0.085208      0.0238265   
6.76   0.016686      -0.0521144      -0.0843926      0.0235052   
6.78   0.0163909      -0.0514372      -0.0835835      0.0231881   
6.8   0.0161008      -0.0507683      -0.0827806      0.0228752   
6.82   0.0158157      -0.0501075      -0.0819839      0.0225666   
6.84   0.0155355      -0.049455      -0.0811935      0.022262   
6.86   0.01526      -0.0488104      -0.0804092      0.0219615   
6.88   0.0149893      -0.0481738      -0.079631      0.0216651   
6.9   0.0147232      -0.047545      -0.078859      0.0213726   
6.92   0.0144617      -0.046924      -0.0780931      0.021084   
6.94   0.0142047      -0.0463107      -0.0773333      0.0207993   
6.96   0.0139521      -0.045705      -0.0765795      0.0205184   
6.98   0.0137039      -0.0451069      -0.0758318      0.0202412   
7   0.0134599      -0.0445161      -0.0750902      0.0199678   
7.02   0.0132201      -0.0439327      -0.0743545      0.019698   
7.04   0.0129845      -0.0433566      -0.0736248      0.0194319   
7.06   0.012753      -0.0427876      -0.0729011      0.0191693   
7.08   0.0125254      -0.0422258      -0.0721833      0.0189102   
7.1   0.0123018      -0.041671      -0.0714714      0.0186546   
7.12   0.012082      -0.0411231      -0.0707654      0.0184024   
7.14   0.0118661      -0.0405821      -0.0700652      0.0181537   
7.16   0.0116539      -0.0400479      -0.0693709      0.0179082   
7.18   0.0114454      -0.0395204      -0.0686823      0.0176661   
7.2   0.0112405      -0.0389995      -0.0679996      0.0174271   
7.22   0.0110391      -0.0384852      -0.0673226      0.0171914   
7.24   0.0108413      -0.0379773      -0.0666513      0.0169589   
7.26   0.0106469      -0.0374759      -0.0659856      0.0167295   
7.28   0.0104559      -0.0369808      -0.0653257      0.0165032   
7.3   0.0102682      -0.036492      -0.0646714      0.0162799   
7.32   0.0100838      -0.0360093      -0.0640226      0.0160596   
7.34   0.00990265      -0.0355328      -0.0633795      0.0158423   
7.36   0.00972463      -0.0350623      -0.0627419      0.0156278   
7.38   0.00954973      -0.0345978      -0.0621098      0.0154163   
7.4   0.00937788      -0.0341392      -0.0614832      0.0152076   
7.42   0.00920905      -0.0336864      -0.060862      0.0150018   
7.44   0.00904317      -0.0332394      -0.0602463      0.0147987   
7.46   0.0088802      -0.0327981      -0.0596359      0.0145983   
7.48   0.00872009      -0.0323624      -0.0590309      0.0144006   
7.5   0.00856279      -0.0319323      -0.0584313      0.0142056   
7.52   0.00840825      -0.0315076      -0.0578369      0.0140132   
7.54   0.00825643      -0.0310884      -0.0572478      0.0138234   
7.56   0.00810728      -0.0306746      -0.0566639      0.0136361   
7.58   0.00796076      -0.0302661      -0.0560852      0.0134514   
7.6   0.00781682      -0.0298628      -0.0555117      0.0132692   
7.62   0.00767541      -0.0294647      -0.0549434      0.0130894   
7.64   0.0075365      -0.0290717      -0.0543801      0.0129121   
7.66   0.00740004      -0.0286838      -0.053822      0.0127371   
7.68   0.007266      -0.0283009      -0.0532688      0.0125645   
7.7   0.00713432      -0.0279229      -0.0527207      0.0123942   
7.72   0.00700497      -0.0275498      -0.0521775      0.0122262   
7.74   0.0068779      -0.0271815      -0.0516393      0.0120605   
7.76   0.00675309      -0.0268179      -0.051106      0.011897   
7.78   0.00663049      -0.0264591      -0.0505776      0.0117357   
7.8   0.00651006      -0.0261049      -0.050054      0.0115766   
7.82   0.00639177      -0.0257553      -0.0495353      0.0114197   
7.84   0.00627558      -0.0254102      -0.0490213      0.0112648   
7.86   0.00616145      -0.0250696      -0.048512      0.0111121   
7.88   0.00604935      -0.0247334      -0.0480075      0.0109614   
7.9   0.00593924      -0.0244016      -0.0475077      0.0108127   
7.92   0.0058311      -0.0240741      -0.0470125      0.0106661   
7.94   0.00572487      -0.0237508      -0.0465219      0.0105214   
7.96   0.00562054      -0.0234318      -0.0460359      0.0103787   
7.98   0.00551807      -0.0231169      -0.0455545      0.0102379   
8   0.00541743      -0.0228062      -0.0450776      0.010099   
8.02   0.00531858      -0.0224995      -0.0446051      0.00996201   
8.04   0.0052215      -0.0221968      -0.0441372      0.00982686   
8.06   0.00512615      -0.021898      -0.0436736      0.00969353   
8.08   0.0050325      -0.0216032      -0.0432144      0.009562   
8.1   0.00494053      -0.0213122      -0.0427596      0.00943225   
8.12   0.00485021      -0.021025      -0.0423091      0.00930425   
8.14   0.0047615      -0.0207416      -0.0418629      0.00917799   
8.16   0.00467438      -0.0204619      -0.041421      0.00905343   
8.18   0.00458882      -0.0201859      -0.0409833      0.00893056   
8.2   0.0045048      -0.0199135      -0.0405497      0.00880934   
8.22   0.00442228      -0.0196447      -0.0401204      0.00868977   
8.24   0.00434125      -0.0193794      -0.0396951      0.00857182   
8.26   0.00426167      -0.0191176      -0.039274      0.00845546   
8.28   0.00418352      -0.0188592      -0.0388569      0.00834068   
8.3   0.00410677      -0.0186043      -0.0384439      0.00822745   
8.32   0.00403141      -0.0183527      -0.0380348      0.00811575   
8.34   0.0039574      -0.0181044      -0.0376298      0.00800556   
8.36   0.00388472      -0.0178595      -0.0372286      0.00789687   
8.38   0.00381335      -0.0176177      -0.0368314      0.00778964   
8.4   0.00374327      -0.0173792      -0.0364381      0.00768387   
8.42   0.00367445      -0.0171437      -0.0360486      0.00757953   
8.44   0.00360688      -0.0169115      -0.0356629      0.00747661   
8.46   0.00354052      -0.0166822      -0.035281      0.00737507   
8.48   0.00347536      -0.0164561      -0.0349029      0.00727492   
8.5   0.00341138      -0.0162329      -0.0345284      0.00717611   
8.52   0.00334856      -0.0160127      -0.0341577      0.00707865   
8.54   0.00328687      -0.0157954      -0.0337906      0.00698251   
8.56   0.00322629      -0.0155809      -0.0334272      0.00688767   
8.58   0.00316682      -0.0153694      -0.0330674      0.00679412   
8.6   0.00310842      -0.0151606      -0.0327111      0.00670183   
8.62   0.00305107      -0.0149546      -0.0323584      0.0066108   
8.64   0.00299477      -0.0147514      -0.0320091      0.006521   
8.66   0.00293949      -0.0145509      -0.0316634      0.00643241   
8.68   0.00288521      -0.014353      -0.0313211      0.00634503   
8.7   0.00283192      -0.0141578      -0.0309823      0.00625883   
8.72   0.00277959      -0.0139651      -0.0306468      0.0061738   
8.74   0.00272821      -0.0137751      -0.0303147      0.00608992   
8.76   0.00267777      -0.0135876      -0.0299859      0.00600718   
8.78   0.00262824      -0.0134025      -0.0296605      0.00592556   
8.8   0.00257962      -0.01322      -0.0293383      0.00584505   
8.82   0.00253188      -0.0130399      -0.0290194      0.00576564   
8.84   0.00248501      -0.0128622      -0.0287037      0.00568729   
8.86   0.00243899      -0.0126869      -0.0283912      0.00561002   
8.88   0.00239381      -0.0125139      -0.0280818      0.00553378   
8.9   0.00234945      -0.0123432      -0.0277756      0.00545859   
8.92   0.00230591      -0.0121749      -0.0274725      0.00538441   
8.94   0.00226315      -0.0120087      -0.0271725      0.00531124   
8.96   0.00222118      -0.0118448      -0.0268755      0.00523907   
8.98   0.00217997      -0.0116831      -0.0265816      0.00516787   
9   0.00213952      -0.0115236      -0.0262907      0.00509764   
9.02   0.00209981      -0.0113662      -0.0260027      0.00502836   
9.04   0.00206082      -0.011211      -0.0257177      0.00496003   
9.06   0.00202254      -0.0110578      -0.0254357      0.00489262   
9.08   0.00198496      -0.0109067      -0.0251565      0.00482612   
9.1   0.00194807      -0.0107576      -0.0248802      0.00476053   
9.12   0.00191186      -0.0106105      -0.0246067      0.00469583   
9.14   0.00187631      -0.0104654      -0.024336      0.00463201   
9.16   0.00184141      -0.0103222      -0.0240682      0.00456905   
9.18   0.00180715      -0.010181      -0.0238031      0.00450695   
9.2   0.00177352      -0.0100417      -0.0235407      0.00444569   
9.22   0.0017405      -0.00990423      -0.0232811      0.00438527   
9.24   0.0017081      -0.00976864      -0.0230241      0.00432566   
9.26   0.00167628      -0.00963488      -0.0227699      0.00426686   
9.28   0.00164505      -0.00950292      -0.0225182      0.00420887   
9.3   0.00161439      -0.00937275      -0.0222692      0.00415166   
9.32   0.0015843      -0.00924433      -0.0220228      0.00409523   
9.34   0.00155476      -0.00911764      -0.0217789      0.00403956   
9.36   0.00152576      -0.00899267      -0.0215376      0.00398465   
9.38   0.0014973      -0.00886939      -0.0212988      0.00393049   
9.4   0.00146936      -0.00874778      -0.0210626      0.00387706   
9.42   0.00144193      -0.00862781      -0.0208287      0.00382436   
9.44   0.00141501      -0.00850946      -0.0205974      0.00377237   
9.46   0.00138859      -0.00839272      -0.0203684      0.00372109   
9.48   0.00136265      -0.00827756      -0.0201419      0.00367051   
9.5   0.00133719      -0.00816395      -0.0199178      0.00362061   
9.52   0.0013122      -0.00805189      -0.019696      0.0035714   
9.54   0.00128767      -0.00794135      -0.0194765      0.00352285   
9.56   0.00126359      -0.0078323      -0.0192594      0.00347496   
9.58   0.00123996      -0.00772474      -0.0190446      0.00342772   
9.6   0.00121676      -0.00761863      -0.018832      0.00338113   
9.62   0.00119399      -0.00751397      -0.0186217      0.00333517   
9.64   0.00117164      -0.00741072      -0.0184136      0.00328983   
9.66   0.00114971      -0.00730888      -0.0182077      0.00324511   
9.68   0.00112818      -0.00720842      -0.018004      0.003201   
9.7   0.00110705      -0.00710933      -0.0178024      0.00315748   
9.72   0.00108631      -0.00701159      -0.017603      0.00311456   
9.74   0.00106595      -0.00691517      -0.0174058      0.00307222   
9.76   0.00104597      -0.00682006      -0.0172106      0.00303046   
9.78   0.00102636      -0.00672625      -0.0170175      0.00298926   
9.8   0.00100711      -0.00663372      -0.0168265      0.00294863   
9.82   0.000988222      -0.00654244      -0.0166375      0.00290855   
9.84   0.000969682      -0.00645241      -0.0164505      0.00286901   
9.86   0.000951485      -0.00636361      -0.0162656      0.00283001   
9.88   0.000933626      -0.00627601      -0.0160826      0.00279154   
9.9   0.000916098      -0.00618961      -0.0159016      0.00275359   
9.92   0.000898895      -0.00610439      -0.0157225      0.00271616   
9.94   0.000882012      -0.00602033      -0.0155453      0.00267924   
9.96   0.000865442      -0.00593741      -0.0153701      0.00264282   
9.98   0.000849179      -0.00585563      -0.0151967      0.0026069   
10   0.000833219      -0.00577496      -0.0150252      0.00257146   
10.02   0.000817555      -0.0056954      -0.0148556      0.00253651   
10.04   0.000802182      -0.00561692      -0.0146877      0.00250203   
10.06   0.000787095      -0.00553951      -0.0145217      0.00246802   
10.08   0.000772289      -0.00546316      -0.0143575      0.00243448   
10.1   0.000757758      -0.00538785      -0.0141951      0.00240139   
10.12   0.000743498      -0.00531358      -0.0140344      0.00236875   
10.14   0.000729502      -0.00524031      -0.0138755      0.00233655   
10.16   0.000715768      -0.00516805      -0.0137183      0.00230479   
10.18   0.000702289      -0.00509678      -0.0135627      0.00227346   
10.2   0.000689061      -0.00502648      -0.0134089      0.00224256   
10.22   0.00067608      -0.00495715      -0.0132568      0.00221208   
10.24   0.00066334      -0.00488876      -0.0131063      0.00218202   
10.26   0.000650839      -0.00482131      -0.0129574      0.00215236   
10.28   0.00063857      -0.00475479      -0.0128102      0.00212311   
10.3   0.00062653      -0.00468917      -0.0126646      0.00209425   
10.32   0.000614715      -0.00462446      -0.0125205      0.00206579   
10.34   0.00060312      -0.00456063      -0.012378      0.00203772   
10.36   0.000591741      -0.00449767      -0.0122371      0.00201002   
10.38   0.000580576      -0.00443558      -0.0120978      0.00198271   
10.4   0.000569618      -0.00437434      -0.0119599      0.00195576   
10.42   0.000558865      -0.00431394      -0.0118236      0.00192918   
10.44   0.000548314      -0.00425437      -0.0116887      0.00190297   
10.46   0.000537959      -0.00419561      -0.0115554      0.00187711   
10.48   0.000527798      -0.00413766      -0.0114235      0.0018516   
10.5   0.000517827      -0.00408051      -0.011293      0.00182644   
10.52   0.000508043      -0.00402414      -0.011164      0.00180162   
10.54   0.000498441      -0.00396854      -0.0110364      0.00177714   
10.56   0.00048902      -0.00391371      -0.0109102      0.00175299   
10.58   0.000479774      -0.00385963      -0.0107854      0.00172917   
10.6   0.000470702      -0.0038063      -0.010662      0.00170567   
10.62   0.0004618      -0.0037537      -0.0105399      0.0016825   
10.64   0.000453064      -0.00370182      -0.0104192      0.00165963   
10.66   0.000444492      -0.00365065      -0.0102998      0.00163709   
10.68   0.000436081      -0.00360018      -0.0101817      0.00161484   
10.7   0.000427827      -0.00355041      -0.0100649      0.0015929   
10.72   0.000419729      -0.00350133      -0.00994945      0.00157126   
10.74   0.000411782      -0.00345292      -0.00983526      0.00154991   
10.76   0.000403984      -0.00340517      -0.00972233      0.00152886   
10.78   0.000396332      -0.00335809      -0.00961065      0.00150809   
10.8   0.000388824      -0.00331165      -0.00950021      0.0014876   
10.82   0.000381457      -0.00326585      -0.00939099      0.00146739   
10.84   0.000374228      -0.00322068      -0.00928299      0.00144745   
10.86   0.000367135      -0.00317613      -0.00917619      0.00142779   
10.88   0.000360176      -0.00313219      -0.00907057      0.0014084   
10.9   0.000353347      -0.00308886      -0.00896614      0.00138926   
10.92   0.000346646      -0.00304613      -0.00886286      0.00137039   
10.94   0.000340071      -0.00300398      -0.00876073      0.00135178   
10.96   0.00033362      -0.00296242      -0.00865975      0.00133342   
10.98   0.00032729      -0.00292143      -0.00855989      0.00131531   
11   0.00032108      -0.002881      -0.00846114      0.00129744   
11.02   0.000314986      -0.00284113      -0.0083635      0.00127982   
11.04   0.000309006      -0.00280181      -0.00826694      0.00126244   
11.06   0.00030314      -0.00276304      -0.00817147      0.00124529   
11.08   0.000297384      -0.00272479      -0.00807707      0.00122838   
11.1   0.000291736      -0.00268708      -0.00798372      0.0012117   
11.12   0.000286194      -0.00264988      -0.00789142      0.00119524   
11.14   0.000280757      -0.0026132      -0.00780015      0.00117901   
11.16   0.000275422      -0.00257703      -0.0077099      0.001163   
11.18   0.000270188      -0.00254135      -0.00762067      0.00114721   
11.2   0.000265053      -0.00250616      -0.00753244      0.00113163   
11.22   0.000260014      -0.00247146      -0.0074452      0.00111626   
11.24   0.00025507      -0.00243724      -0.00735894      0.00110111   
11.26   0.00025022      -0.0024035      -0.00727365      0.00108616   
11.28   0.000245461      -0.00237021      -0.00718931      0.00107141   
11.3   0.000240792      -0.00233739      -0.00710593      0.00105686   
11.32   0.000236211      -0.00230502      -0.00702349      0.00104251   
11.34   0.000231716      -0.0022731      -0.00694197      0.00102836   
11.36   0.000227306      -0.00224162      -0.00686138      0.0010144   
11.38   0.00022298      -0.00221057      -0.00678169      0.00100063   
11.4   0.000218735      -0.00217996      -0.00670291      0.000987042   
11.42   0.00021457      -0.00214976      -0.00662501      0.000973643   
11.44   0.000210485      -0.00211999      -0.00654799      0.000960426   
11.46   0.000206476      -0.00209062      -0.00647184      0.000947389   
11.48   0.000202543      -0.00206166      -0.00639656      0.000934529   
11.5   0.000198684      -0.0020331      -0.00632212      0.000921844   
11.52   0.000194899      -0.00200494      -0.00624853      0.000909332   
11.54   0.000191185      -0.00197716      -0.00617577      0.000896989   
11.56   0.000187541      -0.00194977      -0.00610384      0.000884815   
11.58   0.000183966      -0.00192276      -0.00603272      0.000872807   
11.6   0.000180459      -0.00189612      -0.0059624      0.000860961   
11.62   0.000177018      -0.00186985      -0.00589289      0.000849277   
11.64   0.000173642      -0.00184394      -0.00582416      0.000837752   
11.66   0.00017033      -0.00181839      -0.00575622      0.000826383   
11.68   0.000167081      -0.0017932      -0.00568905      0.000815169   
11.7   0.000163894      -0.00176835      -0.00562264      0.000804108   
11.72   0.000160767      -0.00174385      -0.00555698      0.000793197   
11.74   0.000157699      -0.00171968      -0.00549208      0.000782434   
11.76   0.000154689      -0.00169585      -0.00542791      0.000771818   
11.78   0.000151736      -0.00167235      -0.00536447      0.000761346   
11.8   0.000148839      -0.00164918      -0.00530175      0.000751016   
11.82   0.000145997      -0.00162632      -0.00523975      0.000740827   
11.84   0.000143209      -0.00160379      -0.00517846      0.000730777   
11.86   0.000140474      -0.00158156      -0.00511787      0.000720863   
11.88   0.000137791      -0.00155964      -0.00505797      0.000711084   
11.9   0.000135159      -0.00153803      -0.00499875      0.000701438   
11.92   0.000132576      -0.00151671      -0.00494021      0.000691923   
11.94   0.000130043      -0.00149569      -0.00488234      0.000682538   
11.96   0.000127557      -0.00147496      -0.00482512      0.00067328   
11.98   0.000125119      -0.00145452      -0.00476857      0.000664148   
12   0.000122727      -0.00143436      -0.00471266      0.00065514   
