1  -1.0370200000E+01   6.3625500000E+00   6.3625500000E+00   6.3625500000E+00   1.5047490000E+01
2  -1.0369420000E+01   6.3592800000E+00   6.3622600000E+00   6.3622600000E+00   1.5051120000E+01
3  -1.0367090000E+01   6.3495000000E+00   6.3613700000E+00   6.3613700000E+00   1.5061970000E+01
4  -1.0363210000E+01   6.3332900000E+00   6.3598900000E+00   6.3598900000E+00   1.5079940000E+01
5  -1.0357780000E+01   6.3108100000E+00   6.3578300000E+00   6.3578300000E+00   1.5104880000E+01
6  -1.0350800000E+01   6.2822400000E+00   6.3551900000E+00   6.3551900000E+00   1.5136550000E+01
7  -1.0342290000E+01   6.2478400000E+00   6.3519900000E+00   6.3519900000E+00   1.5174690000E+01
8  -1.0332260000E+01   6.2078900000E+00   6.3482200000E+00   6.3482200000E+00   1.5218970000E+01
9  -1.0320710000E+01   6.1627200000E+00   6.3439000000E+00   6.3439000000E+00   1.5269020000E+01
10  -1.0307660000E+01   6.1126900000E+00   6.3390400000E+00   6.3390400000E+00   1.5324440000E+01
11  -1.0293130000E+01   6.0581900000E+00   6.3336700000E+00   6.3336700000E+00   1.5384800000E+01
12  -1.0277140000E+01   5.9996400000E+00   6.3277900000E+00   6.3277900000E+00   1.5449660000E+01
13  -1.0259700000E+01   5.9374500000E+00   6.3214200000E+00   6.3214200000E+00   1.5518550000E+01
14  -1.0240850000E+01   5.8720800000E+00   6.3145800000E+00   6.3145800000E+00   1.5591000000E+01
15  -1.0220610000E+01   5.8039600000E+00   6.3072900000E+00   6.3072900000E+00   1.5666540000E+01
16  -1.0199020000E+01   5.7335500000E+00   6.2995800000E+00   6.2995800000E+00   1.5744680000E+01
17  -1.0176110000E+01   5.6613100000E+00   6.2914600000E+00   6.2914600000E+00   1.5824960000E+01
18  -1.0151930000E+01   5.5877000000E+00   6.2829600000E+00   6.2829600000E+00   1.5906910000E+01
19  -1.0126510000E+01   5.5131800000E+00   6.2741100000E+00   6.2741100000E+00   1.5990070000E+01
20  -1.0099910000E+01   5.4382100000E+00   6.2649300000E+00   6.2649300000E+00   1.6073990000E+01
21  -1.0072180000E+01   5.3632300000E+00   6.2554500000E+00   6.2554500000E+00   1.6158230000E+01
22  -1.0043370000E+01   5.2887000000E+00   6.2457000000E+00   6.2457000000E+00   1.6242350000E+01
23  -1.0013540000E+01   5.2150800000E+00   6.2357000000E+00   6.2357000000E+00   1.6325920000E+01
24  -9.9827700000E+00   5.1428100000E+00   6.2254900000E+00   6.2254900000E+00   1.6408510000E+01
25  -9.9511100000E+00   5.0723400000E+00   6.2151000000E+00   6.2151000000E+00   1.6489720000E+01
26  -9.9186400000E+00   5.0041200000E+00   6.2045500000E+00   6.2045500000E+00   1.6569100000E+01
27  -9.8854500000E+00   4.9385800000E+00   6.1938800000E+00   6.1938800000E+00   1.6646250000E+01
28  -9.8516000000E+00   4.8761800000E+00   6.1831200000E+00   6.1831200000E+00   1.6720740000E+01
29  -9.8172000000E+00   4.8173400000E+00   6.1723000000E+00   6.1723000000E+00   1.6792140000E+01
30  -9.7823300000E+00   4.7625200000E+00   6.1614600000E+00   6.1614600000E+00   1.6860030000E+01
31  -9.7470900000E+00   4.7121500000E+00   6.1506100000E+00   6.1506100000E+00   1.6923970000E+01
32  -9.7115800000E+00   4.6666400000E+00   6.1398100000E+00   6.1398100000E+00   1.6983550000E+01
33  -9.6759100000E+00   4.6264400000E+00   6.1290700000E+00   6.1290700000E+00   1.7038320000E+01
34  -9.6401800000E+00   4.5919300000E+00   6.1184300000E+00   6.1184300000E+00   1.7087870000E+01
35  -9.6045200000E+00   4.5635000000E+00   6.1079300000E+00   6.1079300000E+00   1.7131790000E+01
36  -9.5690500000E+00   4.5415400000E+00   6.0975800000E+00   6.0975800000E+00   1.7169680000E+01
37  -9.5338900000E+00   4.5263500000E+00   6.0874300000E+00   6.0874300000E+00   1.7201190000E+01
38  -9.4991600000E+00   4.5182500000E+00   6.0774900000E+00   6.0774900000E+00   1.7225970000E+01
39  -9.4650100000E+00   4.5174600000E+00   6.0678100000E+00   6.0678100000E+00   1.7243760000E+01
40  -9.4315500000E+00   4.5241500000E+00   6.0584000000E+00   6.0584000000E+00   1.7254330000E+01
41  -9.3989300000E+00   4.5384200000E+00   6.0493000000E+00   6.0493000000E+00   1.7257540000E+01
42  -9.3672800000E+00   4.5602600000E+00   6.0405300000E+00   6.0405300000E+00   1.7253340000E+01
43  -9.3367200000E+00   4.5895400000E+00   6.0321200000E+00   6.0321200000E+00   1.7241790000E+01
44  -9.3073800000E+00   4.6260100000E+00   6.0240800000E+00   6.0240800000E+00   1.7223070000E+01
45  -9.2793900000E+00   4.6692300000E+00   6.0164600000E+00   6.0164600000E+00   1.7197520000E+01
46  -9.2528600000E+00   4.7186400000E+00   6.0092500000E+00   6.0092500000E+00   1.7165630000E+01
47  -9.2279000000E+00   4.7734300000E+00   6.0025000000E+00   6.0025000000E+00   1.7128070000E+01
48  -9.2046100000E+00   4.8326400000E+00   5.9962100000E+00   5.9962100000E+00   1.7085690000E+01
49  -9.1830800000E+00   4.8950700000E+00   5.9904100000E+00   5.9904100000E+00   1.7039530000E+01
50  -9.1633900000E+00   4.9593400000E+00   5.9851100000E+00   5.9851100000E+00   1.6990820000E+01
51  -9.1456100000E+00   5.0238600000E+00   5.9803200000E+00   5.9803200000E+00   1.6940950000E+01
52  -9.1298100000E+00   5.0869300000E+00   5.9760600000E+00   5.9760600000E+00   1.6891450000E+01
53  -9.1160200000E+00   5.1467100000E+00   5.9723500000E+00   5.9723500000E+00   1.6843950000E+01
54  -9.1042900000E+00   5.2013500000E+00   5.9691900000E+00   5.9691900000E+00   1.6800120000E+01
55  -9.0946600000E+00   5.2490400000E+00   5.9665900000E+00   5.9665900000E+00   1.6761570000E+01
56  -9.0871500000E+00   5.2881100000E+00   5.9645600000E+00   5.9645600000E+00   1.6729810000E+01
57  -9.0817700000E+00   5.3171300000E+00   5.9631100000E+00   5.9631100000E+00   1.6706120000E+01
58  -9.0785300000E+00   5.3350100000E+00   5.9622400000E+00   5.9622400000E+00   1.6691480000E+01
59  -9.0774600000E+00   5.3410500000E+00   5.9619500000E+00   5.9619500000E+00   1.6686530000E+01
60  -9.0768500000E+00   5.3415200000E+00   5.9569900000E+00   5.9621800000E+00   1.6690470000E+01
61  -9.0750200000E+00   5.3429400000E+00   5.9421400000E+00   5.9628800000E+00   1.6702250000E+01
62  -9.0719800000E+00   5.3452900000E+00   5.9174900000E+00   5.9640400000E+00   1.6721810000E+01
63  -9.0677600000E+00   5.3485800000E+00   5.8832100000E+00   5.9656600000E+00   1.6749010000E+01
64  -9.0623900000E+00   5.3528000000E+00   5.8395100000E+00   5.9677300000E+00   1.6783690000E+01
65  -9.0558900000E+00   5.3579300000E+00   5.7866700000E+00   5.9702500000E+00   1.6825610000E+01
66  -9.0483400000E+00   5.3639700000E+00   5.7250400000E+00   5.9732200000E+00   1.6874480000E+01
67  -9.0397700000E+00   5.3709000000E+00   5.6550200000E+00   5.9766100000E+00   1.6929970000E+01
68  -9.0302800000E+00   5.3787100000E+00   5.5770800000E+00   5.9804200000E+00   1.6991690000E+01
69  -9.0199600000E+00   5.3873800000E+00   5.4917400000E+00   5.9846500000E+00   1.7059160000E+01
70  -9.0089000000E+00   5.3968900000E+00   5.3996000000E+00   5.9892700000E+00   1.7131870000E+01
71  -8.9972300000E+00   5.3013100000E+00   5.4072200000E+00   5.9942700000E+00   1.7209240000E+01
72  -8.9851000000E+00   5.1975700000E+00   5.4183400000E+00   5.9996400000E+00   1.7290640000E+01
73  -8.9726700000E+00   5.0891700000E+00   5.4302400000E+00   6.0053700000E+00   1.7375350000E+01
74  -8.9601300000E+00   4.9769300000E+00   5.4428800000E+00   6.0114300000E+00   1.7462640000E+01
75  -8.9476700000E+00   4.8617300000E+00   5.4562400000E+00   6.0178000000E+00   1.7551710000E+01
76  -8.9355400000E+00   4.7445100000E+00   5.4702900000E+00   6.0244800000E+00   1.7641690000E+01
77  -8.9239800000E+00   4.6262400000E+00   5.4849900000E+00   6.0314400000E+00   1.7731730000E+01
78  -8.9132500000E+00   4.5079400000E+00   5.5003300000E+00   6.0386500000E+00   1.7820920000E+01
79  -8.9036200000E+00   4.3906400000E+00   5.5162600000E+00   6.0461100000E+00   1.7908330000E+01
80  -8.9036200000E+00   4.3906400000E+00   5.5162600000E+00   6.0461100000E+00   1.7908330000E+01
81  -8.8956400000E+00   4.2790800000E+00   5.5322100000E+00   6.0535400000E+00   1.7990390000E+01
82  -8.8892200000E+00   4.1704100000E+00   5.5486500000E+00   6.0611500000E+00   1.8069110000E+01
83  -8.8846400000E+00   4.0655500000E+00   5.5655500000E+00   6.0689300000E+00   1.8143710000E+01
84  -8.8821500000E+00   3.9654300000E+00   5.5828900000E+00   6.0768600000E+00   1.8213420000E+01
85  -8.8819800000E+00   3.8709100000E+00   5.6006100000E+00   6.0849100000E+00   1.8277530000E+01
86  -8.8843400000E+00   3.7828100000E+00   5.6187100000E+00   6.0930800000E+00   1.8335390000E+01
87  -8.8894300000E+00   3.7018400000E+00   5.6371300000E+00   6.1013300000E+00   1.8386400000E+01
88  -8.8973800000E+00   3.6286700000E+00   5.6558400000E+00   6.1096600000E+00   1.8430040000E+01
89  -8.9083200000E+00   3.5638500000E+00   5.6748200000E+00   6.1180300000E+00   1.8465860000E+01
90  -8.9222900000E+00   3.5078200000E+00   5.6940200000E+00   6.1264400000E+00   1.8493530000E+01
91  -8.9393300000E+00   3.4609200000E+00   5.7134100000E+00   6.1348600000E+00   1.8512750000E+01
92  -8.9593900000E+00   3.4233700000E+00   5.7329600000E+00   6.1432700000E+00   1.8523360000E+01
93  -8.9824200000E+00   3.3952800000E+00   5.7526300000E+00   6.1516600000E+00   1.8525260000E+01
94  -9.0082800000E+00   3.3766600000E+00   5.7723900000E+00   6.1600100000E+00   1.8518440000E+01
95  -9.0368200000E+00   3.3674100000E+00   5.7922100000E+00   6.1683100000E+00   1.8502980000E+01
96  -9.0678500000E+00   3.3673600000E+00   5.8120500000E+00   6.1765300000E+00   1.8479040000E+01
97  -9.1011700000E+00   3.3762200000E+00   5.8318800000E+00   6.1846700000E+00   1.8446840000E+01
98  -9.1365400000E+00   3.3936700000E+00   5.8516700000E+00   6.1927100000E+00   1.8406670000E+01
99  -9.1737000000E+00   3.4193300000E+00   5.8713900000E+00   6.2006300000E+00   1.8358880000E+01
100  -9.2124200000E+00   3.4527500000E+00   5.8910000000E+00   6.2084200000E+00   1.8303890000E+01
101  -9.2524300000E+00   3.4934900000E+00   5.9104900000E+00   6.2160700000E+00   1.8242120000E+01
102  -9.2934800000E+00   3.5410500000E+00   5.9298100000E+00   6.2235700000E+00   1.8174060000E+01
103  -9.3353500000E+00   3.5949500000E+00   5.9489500000E+00   6.2309000000E+00   1.8100200000E+01
104  -9.3777900000E+00   3.6546800000E+00   5.9678700000E+00   6.2380700000E+00   1.8021070000E+01
105  -9.4206000000E+00   3.7197600000E+00   5.9865500000E+00   6.2450500000E+00   1.7937180000E+01
106  -9.4635700000E+00   3.7897000000E+00   6.0049600000E+00   6.2518500000E+00   1.7849060000E+01
107  -9.5065300000E+00   3.8640400000E+00   6.0230900000E+00   6.2584500000E+00   1.7757220000E+01
108  -9.5493100000E+00   3.9423200000E+00   6.0409000000E+00   6.2648500000E+00   1.7662160000E+01
109  -9.5917600000E+00   4.0240900000E+00   6.0583800000E+00   6.2710400000E+00   1.7564360000E+01
110  -9.6337400000E+00   4.1089500000E+00   6.0755000000E+00   6.2770200000E+00   1.7464300000E+01
111  -9.6751500000E+00   4.1964900000E+00   6.0922500000E+00   6.2827900000E+00   1.7362410000E+01
112  -9.7158700000E+00   4.2863100000E+00   6.1086000000E+00   6.2883400000E+00   1.7259100000E+01
113  -9.7558200000E+00   4.3780600000E+00   6.1245500000E+00   6.2936800000E+00   1.7154770000E+01
114  -9.7949000000E+00   4.4713700000E+00   6.1400700000E+00   6.2987900000E+00   1.7049780000E+01
115  -9.8330400000E+00   4.5658800000E+00   6.1551400000E+00   6.3036900000E+00   1.6944460000E+01
116  -9.8701800000E+00   4.6612700000E+00   6.1697600000E+00   6.3083600000E+00   1.6839150000E+01
117  -9.9062600000E+00   4.7572000000E+00   6.1839100000E+00   6.3128200000E+00   1.6734140000E+01
118  -9.9412300000E+00   4.8533500000E+00   6.1975800000E+00   6.3170600000E+00   1.6629730000E+01
119  -9.9750400000E+00   4.9493800000E+00   6.2107500000E+00   6.3210800000E+00   1.6526190000E+01
120  -1.0007640000E+01   5.0449800000E+00   6.2234200000E+00   6.3248900000E+00   1.6423790000E+01
121  -1.0039000000E+01   5.1398300000E+00   6.2355800000E+00   6.3284900000E+00   1.6322790000E+01
122  -1.0069080000E+01   5.2335800000E+00   6.2472200000E+00   6.3318900000E+00   1.6223470000E+01
123  -1.0097860000E+01   5.3259200000E+00   6.2583200000E+00   6.3350800000E+00   1.6126090000E+01
124  -1.0125290000E+01   5.4165100000E+00   6.2688900000E+00   6.3380700000E+00   1.6030920000E+01
125  -1.0151360000E+01   5.5050100000E+00   6.2789100000E+00   6.3408700000E+00   1.5938250000E+01
126  -1.0176040000E+01   5.5910800000E+00   6.2883900000E+00   6.3434800000E+00   1.5848380000E+01
127  -1.0199310000E+01   5.6743700000E+00   6.2973100000E+00   6.3459000000E+00   1.5761600000E+01
128  -1.0221150000E+01   5.7545300000E+00   6.3056700000E+00   6.3481400000E+00   1.5678220000E+01
129  -1.0241530000E+01   5.8312000000E+00   6.3134700000E+00   6.3502000000E+00   1.5598580000E+01
130  -1.0260460000E+01   5.9040200000E+00   6.3207000000E+00   6.3520900000E+00   1.5522990000E+01
131  -1.0277910000E+01   5.9726600000E+00   6.3273700000E+00   6.3538100000E+00   1.5451810000E+01
132  -1.0293870000E+01   6.0367500000E+00   6.3334600000E+00   6.3553600000E+00   1.5385350000E+01
133  -1.0308330000E+01   6.0959600000E+00   6.3389800000E+00   6.3567500000E+00   1.5323970000E+01
134  -1.0321290000E+01   6.1499600000E+00   6.3439200000E+00   6.3579900000E+00   1.5267990000E+01
135  -1.0332740000E+01   6.1984400000E+00   6.3482800000E+00   6.3590700000E+00   1.5217730000E+01
136  -1.0342670000E+01   6.2411000000E+00   6.3520600000E+00   6.3600000000E+00   1.5173490000E+01
137  -1.0351080000E+01   6.2776900000E+00   6.3552700000E+00   6.3607900000E+00   1.5135550000E+01
138  -1.0357960000E+01   6.3079600000E+00   6.3578900000E+00   6.3614300000E+00   1.5104140000E+01
139  -1.0363310000E+01   6.3317200000E+00   6.3599300000E+00   6.3619200000E+00   1.5079490000E+01
140  -1.0367140000E+01   6.3488100000E+00   6.3613900000E+00   6.3622700000E+00   1.5061750000E+01
141  -1.0369440000E+01   6.3591100000E+00   6.3622600000E+00   6.3624800000E+00   1.5051060000E+01
142  -1.0370200000E+01   6.3625500000E+00   6.3625500000E+00   6.3625500000E+00   1.5047490000E+01
143  -1.0369420000E+01   6.3589500000E+00   6.3624000000E+00   6.3624000000E+00   1.5051150000E+01
144  -1.0367060000E+01   6.3481600000E+00   6.3619600000E+00   6.3619600000E+00   1.5062110000E+01
145  -1.0363140000E+01   6.3302500000E+00   6.3612300000E+00   6.3612300000E+00   1.5080300000E+01
146  -1.0357650000E+01   6.3053200000E+00   6.3602000000E+00   6.3602000000E+00   1.5105600000E+01
147  -1.0350590000E+01   6.2735100000E+00   6.3588900000E+00   6.3588900000E+00   1.5137850000E+01
148  -1.0341960000E+01   6.2350100000E+00   6.3573000000E+00   6.3573000000E+00   1.5176840000E+01
149  -1.0331760000E+01   6.1900100000E+00   6.3554400000E+00   6.3554400000E+00   1.5222360000E+01
150  -1.0320000000E+01   6.1387600000E+00   6.3533100000E+00   6.3533100000E+00   1.5274130000E+01
151  -1.0306680000E+01   6.0815000000E+00   6.3509200000E+00   6.3509200000E+00   1.5331890000E+01
152  -1.0291800000E+01   6.0185100000E+00   6.3482800000E+00   6.3482800000E+00   1.5395340000E+01
153  -1.0275360000E+01   5.9500600000E+00   6.3454100000E+00   6.3454100000E+00   1.5464190000E+01
154  -1.0257380000E+01   5.8764400000E+00   6.3423100000E+00   6.3423100000E+00   1.5538130000E+01
155  -1.0237850000E+01   5.7979400000E+00   6.3389900000E+00   6.3389900000E+00   1.5616880000E+01
156  -1.0216780000E+01   5.7148500000E+00   6.3354800000E+00   6.3354800000E+00   1.5700150000E+01
157  -1.0194180000E+01   5.6274600000E+00   6.3317800000E+00   6.3317800000E+00   1.5787670000E+01
158  -1.0170060000E+01   5.5360300000E+00   6.3279000000E+00   6.3279000000E+00   1.5879180000E+01
159  -1.0144430000E+01   5.4408500000E+00   6.3238700000E+00   6.3238700000E+00   1.5974430000E+01
160  -1.0117300000E+01   5.3421700000E+00   6.3197000000E+00   6.3197000000E+00   1.6073220000E+01
161  -1.0088690000E+01   5.2402500000E+00   6.3154100000E+00   6.3154100000E+00   1.6175320000E+01
162  -1.0058600000E+01   5.1353400000E+00   6.3110100000E+00   6.3110100000E+00   1.6280560000E+01
163  -1.0027060000E+01   5.0276700000E+00   6.3065100000E+00   6.3065100000E+00   1.6388750000E+01
164  -9.9940900000E+00   4.9174700000E+00   6.3019500000E+00   6.3019500000E+00   1.6499720000E+01
165  -9.9596900000E+00   4.8049600000E+00   6.2973400000E+00   6.2973400000E+00   1.6613320000E+01
166  -9.9239100000E+00   4.6903700000E+00   6.2926900000E+00   6.2926900000E+00   1.6729380000E+01
167  -9.8867600000E+00   4.5739200000E+00   6.2880200000E+00   6.2880200000E+00   1.6847730000E+01
168  -9.8482900000E+00   4.4558300000E+00   6.2833500000E+00   6.2833500000E+00   1.6968190000E+01
169  -9.8085200000E+00   4.3363300000E+00   6.2787100000E+00   6.2787100000E+00   1.7090550000E+01
170  -9.7675200000E+00   4.2156900000E+00   6.2741000000E+00   6.2741000000E+00   1.7214570000E+01
171  -9.7253500000E+00   4.0941500000E+00   6.2695500000E+00   6.2695500000E+00   1.7340010000E+01
172  -9.6820900000E+00   3.9720100000E+00   6.2650700000E+00   6.2650700000E+00   1.7466540000E+01
173  -9.6378300000E+00   3.8495900000E+00   6.2606900000E+00   6.2606900000E+00   1.7593800000E+01
174  -9.5927000000E+00   3.7272400000E+00   6.2564100000E+00   6.2564100000E+00   1.7721380000E+01
175  -9.5468400000E+00   3.6053700000E+00   6.2522600000E+00   6.2522600000E+00   1.7848800000E+01
176  -9.5004300000E+00   3.4844400000E+00   6.2482500000E+00   6.2482500000E+00   1.7975500000E+01
177  -9.4536800000E+00   3.3649400000E+00   6.2444000000E+00   6.2444000000E+00   1.8100880000E+01
178  -9.4068600000E+00   3.2474400000E+00   6.2407300000E+00   6.2407300000E+00   1.8224250000E+01
179  -9.3602500000E+00   3.1326000000E+00   6.2372400000E+00   6.2372400000E+00   1.8344840000E+01
180  -9.3142000000E+00   3.0211000000E+00   6.2339500000E+00   6.2339500000E+00   1.8461850000E+01
181  -9.2691000000E+00   2.9137100000E+00   6.2308700000E+00   6.2308700000E+00   1.8574390000E+01
182  -9.2253900000E+00   2.8112800000E+00   6.2280300000E+00   6.2280300000E+00   1.8681550000E+01
183  -9.1835400000E+00   2.7146700000E+00   6.2254100000E+00   6.2254100000E+00   1.8782380000E+01
184  -9.1440700000E+00   2.6248000000E+00   6.2230500000E+00   6.2230500000E+00   1.8875920000E+01
185  -9.1075100000E+00   2.5426200000E+00   6.2209400000E+00   6.2209400000E+00   1.8961200000E+01
186  -9.0744100000E+00   2.4690500000E+00   6.2190900000E+00   6.2190900000E+00   1.9037310000E+01
187  -9.0453000000E+00   2.4050000000E+00   6.2175200000E+00   6.2175200000E+00   1.9103380000E+01
188  -9.0206900000E+00   2.3513000000E+00   6.2162300000E+00   6.2162300000E+00   1.9158620000E+01
189  -9.0010200000E+00   2.3086900000E+00   6.2152100000E+00   6.2152100000E+00   1.9202340000E+01
190  -8.9866800000E+00   2.2777800000E+00   6.2144900000E+00   6.2144900000E+00   1.9233980000E+01
191  -8.9779600000E+00   2.2590500000E+00   6.2140500000E+00   6.2140500000E+00   1.9253140000E+01
192  -8.9750300000E+00   2.2527700000E+00   6.2139000000E+00   6.2139000000E+00   1.9259550000E+01
193  -8.9748600000E+00   2.2547000000E+00   6.2130700000E+00   6.2136800000E+00   1.9258340000E+01
194  -8.9743600000E+00   2.2604700000E+00   6.2105900000E+00   6.2130100000E+00   1.9254710000E+01
195  -8.9735300000E+00   2.2701000000E+00   6.2064600000E+00   6.2118900000E+00   1.9248660000E+01
196  -8.9723800000E+00   2.2835900000E+00   6.2007200000E+00   6.2103100000E+00   1.9240160000E+01
197  -8.9709000000E+00   2.3009500000E+00   6.1933900000E+00   6.2082800000E+00   1.9229200000E+01
198  -8.9691200000E+00   2.3222000000E+00   6.1845300000E+00   6.2057600000E+00   1.9215770000E+01
199  -8.9670300000E+00   2.3473400000E+00   6.1741700000E+00   6.2027600000E+00   1.9199840000E+01
200  -8.9646500000E+00   2.3763900000E+00   6.1624000000E+00   6.1992600000E+00   1.9181380000E+01
201  -8.9619900000E+00   2.4093600000E+00   6.1492600000E+00   6.1952400000E+00   1.9160390000E+01
202  -8.9590700000E+00   2.4462700000E+00   6.1348500000E+00   6.1906700000E+00   1.9136830000E+01
203  -8.9559000000E+00   2.4871300000E+00   6.1192400000E+00   6.1855400000E+00   1.9110710000E+01
204  -8.9525000000E+00   2.5319400000E+00   6.1025400000E+00   6.1798100000E+00   1.9082020000E+01
205  -8.9488900000E+00   2.5807100000E+00   6.0848300000E+00   6.1734500000E+00   1.9050770000E+01
206  -8.9450900000E+00   2.6334100000E+00   6.0662200000E+00   6.1664400000E+00   1.9016970000E+01
207  -8.9411200000E+00   2.6900400000E+00   6.0468200000E+00   6.1587100000E+00   1.8980670000E+01
208  -8.9370000000E+00   2.7505700000E+00   6.0267500000E+00   6.1502400000E+00   1.8941930000E+01
209  -8.9327600000E+00   2.8149400000E+00   6.0061200000E+00   6.1409700000E+00   1.8900810000E+01
210  -8.9284100000E+00   2.8831000000E+00   5.9850600000E+00   6.1308500000E+00   1.8857410000E+01
211  -8.9240000000E+00   2.9549500000E+00   5.9636800000E+00   6.1198100000E+00   1.8811860000E+01
212  -8.9195300000E+00   3.0303800000E+00   5.9421200000E+00   6.1077800000E+00   1.8764310000E+01
213  -8.9150400000E+00   3.1092400000E+00   5.9205000000E+00   6.0947100000E+00   1.8714940000E+01
214  -8.9105500000E+00   3.1913600000E+00   5.8989400000E+00   6.0805100000E+00   1.8663970000E+01
215  -8.9060800000E+00   3.2765100000E+00   5.8775800000E+00   6.0650900000E+00   1.8611640000E+01
216  -8.9016800000E+00   3.3644200000E+00   5.8565400000E+00   6.0483900000E+00   1.8558230000E+01
217  -8.8973600000E+00   3.4547700000E+00   5.8359400000E+00   6.0303100000E+00   1.8504080000E+01
218  -8.8931400000E+00   3.5471900000E+00   5.8159000000E+00   6.0107800000E+00   1.8449530000E+01
219  -8.8890600000E+00   3.6412300000E+00   5.7965400000E+00   5.9897200000E+00   1.8394990000E+01
220  -8.8851300000E+00   3.7363800000E+00   5.7779700000E+00   5.9670700000E+00   1.8340880000E+01
221  -8.8813900000E+00   3.8320600000E+00   5.7603100000E+00   5.9428100000E+00   1.8287690000E+01
222  -8.8778600000E+00   3.9275800000E+00   5.7436500000E+00   5.9169300000E+00   1.8235900000E+01
223  -8.8745500000E+00   4.0221800000E+00   5.7280900000E+00   5.8895000000E+00   1.8186050000E+01
224  -8.8714900000E+00   4.1149500000E+00   5.7137300000E+00   5.8606500000E+00   1.8138680000E+01
225  -8.8687000000E+00   4.2048900000E+00   5.7006500000E+00   5.8306400000E+00   1.8094350000E+01
226  -8.8661900000E+00   4.2908100000E+00   5.6889100000E+00   5.7998800000E+00   1.8053600000E+01
227  -8.8639800000E+00   4.3713500000E+00   5.6786000000E+00   5.7689900000E+00   1.8016980000E+01
228  -8.8620900000E+00   4.4449000000E+00   5.6697700000E+00   5.7388400000E+00   1.7985010000E+01
229  -8.8605300000E+00   4.5096100000E+00   5.6624800000E+00   5.7106400000E+00   1.7958140000E+01
230  -8.8593000000E+00   4.5634000000E+00   5.6567600000E+00   5.6858900000E+00   1.7936780000E+01
231  -8.8584200000E+00   4.6040400000E+00   5.6526500000E+00   5.6663400000E+00   1.7921280000E+01
232  -8.8578900000E+00   4.6294600000E+00   5.6501800000E+00   5.6537200000E+00   1.7911870000E+01
233  -8.8577100000E+00   4.6381300000E+00   5.6493500000E+00   5.6493500000E+00   1.7908720000E+01
234  -8.8584800000E+00   4.6421800000E+00   5.6319500000E+00   5.6667600000E+00   1.7904990000E+01
235  -8.8607600000E+00   4.6543000000E+00   5.6146200000E+00   5.6841400000E+00   1.7893860000E+01
236  -8.8645400000E+00   4.6743400000E+00   5.5974100000E+00   5.7014100000E+00   1.7875460000E+01
237  -8.8697300000E+00   4.7020600000E+00   5.5803800000E+00   5.7185400000E+00   1.7849990000E+01
238  -8.8762500000E+00   4.7371200000E+00   5.5635700000E+00   5.7354600000E+00   1.7817770000E+01
239  -8.8840100000E+00   4.7791000000E+00   5.5470500000E+00   5.7521200000E+00   1.7779180000E+01
240  -8.8928700000E+00   4.8275000000E+00   5.5308600000E+00   5.7684700000E+00   1.7734670000E+01
241  -8.9027000000E+00   4.8817400000E+00   5.5150600000E+00   5.7844500000E+00   1.7684760000E+01
242  -8.9133500000E+00   4.9411700000E+00   5.4996900000E+00   5.8000200000E+00   1.7630060000E+01
243  -8.9246700000E+00   5.0050700000E+00   5.4847900000E+00   5.8151200000E+00   1.7571210000E+01
244  -8.9364800000E+00   5.0726900000E+00   5.4704200000E+00   5.8297100000E+00   1.7508900000E+01
245  -8.9486300000E+00   5.1432000000E+00   5.4566300000E+00   5.8437400000E+00   1.7443890000E+01
246  -8.9609600000E+00   5.2157600000E+00   5.4434400000E+00   5.8571700000E+00   1.7376960000E+01
247  -8.9732900000E+00   5.2894800000E+00   5.4309100000E+00   5.8699400000E+00   1.7308910000E+01
248  -8.9854900000E+00   5.3634700000E+00   5.4190600000E+00   5.8820200000E+00   1.7240590000E+01
249  -8.9973900000E+00   5.4079500000E+00   5.4368000000E+00   5.8933800000E+00   1.7172840000E+01
250  -9.0088600000E+00   5.3975900000E+00   5.5085500000E+00   5.9039700000E+00   1.7106500000E+01
251  -9.0197700000E+00   5.3880300000E+00   5.5778200000E+00   5.9137500000E+00   1.7042430000E+01
252  -9.0300100000E+00   5.3792800000E+00   5.6437000000E+00   5.9227100000E+00   1.6981460000E+01
253  -9.0394500000E+00   5.3713900000E+00   5.7053500000E+00   5.9308000000E+00   1.6924380000E+01
254  -9.0480100000E+00   5.3643700000E+00   5.7619300000E+00   5.9380000000E+00   1.6871980000E+01
255  -9.0556100000E+00   5.3582400000E+00   5.8126800000E+00   5.9442900000E+00   1.6824950000E+01
256  -9.0621500000E+00   5.3530200000E+00   5.8569100000E+00   5.9496500000E+00   1.6783950000E+01
257  -9.0676000000E+00   5.3487300000E+00   5.8939800000E+00   5.9540600000E+00   1.6749570000E+01
258  -9.0718800000E+00   5.3453700000E+00   5.9233900000E+00   5.9575000000E+00   1.6722300000E+01
259  -9.0749700000E+00   5.3429700000E+00   5.9447100000E+00   5.9599700000E+00   1.6702530000E+01
260  -9.0768300000E+00   5.3415300000E+00   5.9576200000E+00   5.9614500000E+00   1.6690550000E+01
261  -9.0774600000E+00   5.3410500000E+00   5.9619500000E+00   5.9619500000E+00   1.6686530000E+01
